TABLE NO.     1: Stochastic Approximation Expectation-Maximization (No Prior): Problem=1 Subproblem=0 Superproblem1=0 Iteration1=0 Superproblem2=0 Iteration2=0
 NAME         THETA1       THETA2       THETA3       THETA4       THETA5       THETA6       THETA7       THETA8       THETA9       THETA10      THETA11      THETA12      THETA13      THETA14      THETA15      SIGMA(1,1)   OMEGA(1,1)   OMEGA(2,1)   OMEGA(2,2)   OMEGA(3,1)   OMEGA(3,2)   OMEGA(3,3)   OMEGA(4,1)   OMEGA(4,2)   OMEGA(4,3)   OMEGA(4,4)   OMEGA(5,1)   OMEGA(5,2)   OMEGA(5,3)   OMEGA(5,4)   OMEGA(5,5)
 THETA1        4.12838E+05 -3.44431E+02 -1.14736E+03 -8.30403E+03  3.49597E+02 -1.20989E-02  3.62558E+03 -2.34446E+03 -1.70792E-05  1.71997E+06 -5.17532E+04  3.20258E+06  0.00000E+00  2.61725E+04 -5.58575E+01  0.00000E+00 -3.27989E+04  8.56995E+04 -3.25241E+04  0.00000E+00  0.00000E+00 -7.15427E+03  0.00000E+00  0.00000E+00  4.83896E+03 -6.96198E+03  0.00000E+00  0.00000E+00  0.00000E+00  0.00000E+00 -1.18567E+02
 THETA2       -3.44431E+02  7.40013E+03  5.85051E+01  1.61022E+04  3.75968E+02 -9.03567E+06  4.02609E+01 -9.09594E+02  2.40049E+04 -2.98007E+06  7.86752E+03  1.21244E+05  0.00000E+00  3.83873E+04  3.55810E+01  0.00000E+00 -7.13293E+01  7.35240E+03 -4.34843E+02  0.00000E+00  0.00000E+00 -1.66896E+02  0.00000E+00  0.00000E+00 -2.71725E+03 -6.42596E+02  0.00000E+00  0.00000E+00  0.00000E+00  0.00000E+00 -4.35613E+01
 THETA3       -1.14736E+03  5.85051E+01  5.19543E+04 -6.38307E+03  1.02528E+02  4.67021E+06 -1.27895E+05  9.07361E+04  3.60520E+03 -1.09041E+00 -4.06971E+06 -1.77259E+05  0.00000E+00 -1.26527E+03  9.65213E+03  0.00000E+00  3.57108E+03 -2.49651E+02 -2.04368E+04  0.00000E+00  0.00000E+00  1.35320E+03  0.00000E+00  0.00000E+00 -3.98241E+03  1.43544E+03  0.00000E+00  0.00000E+00  0.00000E+00  0.00000E+00  6.06417E+01
 THETA4       -8.30403E+03  1.61022E+04 -6.38307E+03  1.09304E+05  4.83657E+02 -1.43858E+07  3.37224E+04 -2.79412E+04 -1.49113E+04 -1.12214E+07  1.59775E+06 -1.61316E+05  0.00000E+00  1.09243E+05 -2.76448E+02  0.00000E+00 -6.68862E+03  9.45043E+03  1.10186E+04  0.00000E+00  0.00000E+00 -1.86349E+03  0.00000E+00  0.00000E+00 -7.75699E+03  4.03579E+02  0.00000E+00  0.00000E+00  0.00000E+00  0.00000E+00 -1.00555E+02
 THETA5        3.49597E+02  3.75968E+02  1.02528E+02  4.83657E+02  8.58418E+01 -6.41836E+05 -4.35772E+02  7.27969E+02  1.90927E+03 -2.19983E+05 -3.31881E+04  3.09662E+04  0.00000E+00  4.41097E+03 -1.80982E+01  0.00000E+00 -1.26721E+02  6.28655E+02 -2.13998E+02  0.00000E+00  0.00000E+00 -1.59344E+02  0.00000E+00  0.00000E+00  3.42701E+02 -1.73198E+02  0.00000E+00  0.00000E+00  0.00000E+00  0.00000E+00 -2.05579E+00
 THETA6       -1.20989E-02 -9.03567E+06  4.67021E+06 -1.43858E+07 -6.41836E+05  2.78218E+10 -4.38123E+07  2.57623E+07 -4.25128E+07  3.03911E+09 -2.23797E+09 -4.43694E+08  0.00000E+00 -2.58429E+07 -1.47085E+06  0.00000E+00  3.99630E+06 -2.43014E+07  7.23553E+06  0.00000E+00  0.00000E+00  1.30552E+06  0.00000E+00  0.00000E+00  1.76434E+06  2.51834E+06  0.00000E+00  0.00000E+00  0.00000E+00  0.00000E+00  2.34548E+04
 THETA7        3.62558E+03  4.02609E+01 -1.27895E+05  3.37224E+04 -4.35772E+02 -4.38123E+07  9.24271E+05 -4.55731E+05 -2.17701E+04  4.09029E+00  2.77203E+07  1.10220E+06  0.00000E+00 -3.14318E+04 -8.01555E+03  0.00000E+00 -2.62785E+04  3.51058E+04  5.53448E+04  0.00000E+00  0.00000E+00 -3.55264E+03  0.00000E+00  0.00000E+00 -2.89250E+03  6.22962E+03  0.00000E+00  0.00000E+00  0.00000E+00  0.00000E+00  5.27412E+01
 THETA8       -2.34446E+03 -9.09594E+02  9.07361E+04 -2.79412E+04  7.27969E+02  2.57623E+07 -4.55731E+05  1.20677E+06 -2.41579E+04 -3.44745E+00 -1.97331E+07 -7.44221E+05  0.00000E+00  7.24088E+04  6.50132E+02  0.00000E+00  9.43683E+03 -8.23172E+04  2.62099E+04  0.00000E+00  0.00000E+00 -3.18704E+03  0.00000E+00  0.00000E+00 -5.57216E+03  5.92786E+02  0.00000E+00  0.00000E+00  0.00000E+00  0.00000E+00  1.70721E+02
 THETA9       -1.70792E-05  2.40049E+04  3.60520E+03 -1.49113E+04  1.90927E+03 -4.25128E+07 -2.17701E+04 -2.41579E+04  1.89655E+05 -1.59965E+07 -7.63584E+05  9.72982E+05  0.00000E+00  2.04338E+05  3.16687E+02  0.00000E+00 -1.07276E+03  5.85656E+04 -2.93379E+04  0.00000E+00  0.00000E+00 -4.01810E+03  0.00000E+00  0.00000E+00  3.26590E+03 -4.51463E+03  0.00000E+00  0.00000E+00  0.00000E+00  0.00000E+00 -7.75312E+01
 THETA10       1.71997E+06 -2.98007E+06 -1.09041E+00 -1.12214E+07 -2.19983E+05  3.03911E+09  4.09029E+00 -3.44745E+00 -1.59965E+07  1.24324E+10  9.70113E+01  9.82655E+07  0.00000E+00 -5.10363E+07 -7.45497E-02  0.00000E+00 -5.81547E+05 -5.30375E+06  6.54815E+06  0.00000E+00  0.00000E+00  3.85171E+05  0.00000E+00  0.00000E+00 -3.81968E+06  3.59862E+05  0.00000E+00  0.00000E+00  0.00000E+00  0.00000E+00 -4.32331E+04
 THETA11      -5.17532E+04  7.86752E+03 -4.06971E+06  1.59775E+06 -3.31881E+04 -2.23797E+09  2.77203E+07 -1.97331E+07 -7.63584E+05  9.70113E+01  1.52333E+09  2.87473E+07  0.00000E+00 -2.20775E+05  2.60994E+04  0.00000E+00 -1.44348E+06  3.35058E+05  2.54388E+06  0.00000E+00  0.00000E+00 -2.17395E+05  0.00000E+00  0.00000E+00  1.68019E+05 -1.15644E+05  0.00000E+00  0.00000E+00  0.00000E+00  0.00000E+00 -4.58709E+02
 THETA12       3.20258E+06  1.21244E+05 -1.77259E+05 -1.61316E+05  3.09662E+04 -4.43694E+08  1.10220E+06 -7.44221E+05  9.72982E+05  9.82655E+07  2.87473E+07  6.99860E+07  0.00000E+00 -1.15532E+06 -1.81448E+04  0.00000E+00 -6.82876E+05  1.48551E+06 -6.62300E+05  0.00000E+00  0.00000E+00 -1.26937E+04  0.00000E+00  0.00000E+00  7.11879E+04 -4.17741E+04  0.00000E+00  0.00000E+00  0.00000E+00  0.00000E+00 -2.91167E+02
 THETA13       0.00000E+00  0.00000E+00  0.00000E+00  0.00000E+00  0.00000E+00  0.00000E+00  0.00000E+00  0.00000E+00  0.00000E+00  0.00000E+00  0.00000E+00  0.00000E+00  0.00000E+00  0.00000E+00  0.00000E+00  0.00000E+00  0.00000E+00  0.00000E+00  0.00000E+00  0.00000E+00  0.00000E+00  0.00000E+00  0.00000E+00  0.00000E+00  0.00000E+00  0.00000E+00  0.00000E+00  0.00000E+00  0.00000E+00  0.00000E+00  0.00000E+00
 THETA14       2.61725E+04  3.83873E+04 -1.26527E+03  1.09243E+05  4.41097E+03 -2.58429E+07 -3.14318E+04  7.24088E+04  2.04338E+05 -5.10363E+07 -2.20775E+05 -1.15532E+06  0.00000E+00  3.45497E+06  2.46235E+03  0.00000E+00 -4.23530E+04  2.43748E+05 -5.10016E+03  0.00000E+00  0.00000E+00 -2.31365E+04  0.00000E+00  0.00000E+00  1.65824E+04 -1.58515E+04  0.00000E+00  0.00000E+00  0.00000E+00  0.00000E+00 -4.60545E+02
 THETA15      -5.58575E+01  3.55810E+01  9.65213E+03 -2.76448E+02 -1.80982E+01 -1.47085E+06 -8.01555E+03  6.50132E+02  3.16687E+02 -7.45497E-02  2.60994E+04 -1.81448E+04  0.00000E+00  2.46235E+03  5.78710E+03  0.00000E+00  5.01268E+02  5.70538E+03 -4.18909E+03  0.00000E+00  0.00000E+00  8.89831E+02  0.00000E+00  0.00000E+00 -2.02009E+03  5.43574E+02  0.00000E+00  0.00000E+00  0.00000E+00  0.00000E+00  1.68118E+01
 SIGMA(1,1)    0.00000E+00  0.00000E+00  0.00000E+00  0.00000E+00  0.00000E+00  0.00000E+00  0.00000E+00  0.00000E+00  0.00000E+00  0.00000E+00  0.00000E+00  0.00000E+00  0.00000E+00  0.00000E+00  0.00000E+00  0.00000E+00  0.00000E+00  0.00000E+00  0.00000E+00  0.00000E+00  0.00000E+00  0.00000E+00  0.00000E+00  0.00000E+00  0.00000E+00  0.00000E+00  0.00000E+00  0.00000E+00  0.00000E+00  0.00000E+00  0.00000E+00
 OMEGA(1,1)   -3.27989E+04 -7.13293E+01  3.57108E+03 -6.68862E+03 -1.26721E+02  3.99630E+06 -2.62785E+04  9.43683E+03 -1.07276E+03 -5.81547E+05 -1.44348E+06 -6.82876E+05  0.00000E+00 -4.23530E+04  5.01268E+02  0.00000E+00  3.29797E+04 -2.79530E+04  5.67461E+03  0.00000E+00  0.00000E+00 -1.52611E+03  0.00000E+00  0.00000E+00  8.05099E+02 -5.26460E+02  0.00000E+00  0.00000E+00  0.00000E+00  0.00000E+00  3.31150E+01
 OMEGA(2,1)    8.56995E+04  7.35240E+03 -2.49651E+02  9.45043E+03  6.28655E+02 -2.43014E+07  3.51058E+04 -8.23172E+04  5.85656E+04 -5.30375E+06  3.35058E+05  1.48551E+06  0.00000E+00  2.43748E+05  5.70538E+03  0.00000E+00 -2.79530E+04  1.75575E+05 -4.97551E+02  0.00000E+00  0.00000E+00  2.62482E+03  0.00000E+00  0.00000E+00  9.97117E+02  1.25068E+03  0.00000E+00  0.00000E+00  0.00000E+00  0.00000E+00 -8.74843E+00
 OMEGA(2,2)   -3.25241E+04 -4.34843E+02 -2.04368E+04  1.10186E+04 -2.13998E+02  7.23553E+06  5.53448E+04  2.62099E+04 -2.93379E+04  6.54815E+06  2.54388E+06 -6.62300E+05  0.00000E+00 -5.10016E+03 -4.18909E+03  0.00000E+00  5.67461E+03 -4.97551E+02  2.07382E+05  0.00000E+00  0.00000E+00 -1.87667E+03  0.00000E+00  0.00000E+00 -3.43075E+03 -4.26323E+03  0.00000E+00  0.00000E+00  0.00000E+00  0.00000E+00 -4.60132E+01
 OMEGA(3,1)    0.00000E+00  0.00000E+00  0.00000E+00  0.00000E+00  0.00000E+00  0.00000E+00  0.00000E+00  0.00000E+00  0.00000E+00  0.00000E+00  0.00000E+00  0.00000E+00  0.00000E+00  0.00000E+00  0.00000E+00  0.00000E+00  0.00000E+00  0.00000E+00  0.00000E+00  0.00000E+00  0.00000E+00  0.00000E+00  0.00000E+00  0.00000E+00  0.00000E+00  0.00000E+00  0.00000E+00  0.00000E+00  0.00000E+00  0.00000E+00  0.00000E+00
 OMEGA(3,2)    0.00000E+00  0.00000E+00  0.00000E+00  0.00000E+00  0.00000E+00  0.00000E+00  0.00000E+00  0.00000E+00  0.00000E+00  0.00000E+00  0.00000E+00  0.00000E+00  0.00000E+00  0.00000E+00  0.00000E+00  0.00000E+00  0.00000E+00  0.00000E+00  0.00000E+00  0.00000E+00  0.00000E+00  0.00000E+00  0.00000E+00  0.00000E+00  0.00000E+00  0.00000E+00  0.00000E+00  0.00000E+00  0.00000E+00  0.00000E+00  0.00000E+00
 OMEGA(3,3)   -7.15427E+03 -1.66896E+02  1.35320E+03 -1.86349E+03 -1.59344E+02  1.30552E+06 -3.55264E+03 -3.18704E+03 -4.01810E+03  3.85171E+05 -2.17395E+05 -1.26937E+04  0.00000E+00 -2.31365E+04  8.89831E+02  0.00000E+00 -1.52611E+03  2.62482E+03 -1.87667E+03  0.00000E+00  0.00000E+00  4.82851E+03  0.00000E+00  0.00000E+00 -5.36019E+03  1.61761E+03  0.00000E+00  0.00000E+00  0.00000E+00  0.00000E+00  1.28178E+01
 OMEGA(4,1)    0.00000E+00  0.00000E+00  0.00000E+00  0.00000E+00  0.00000E+00  0.00000E+00  0.00000E+00  0.00000E+00  0.00000E+00  0.00000E+00  0.00000E+00  0.00000E+00  0.00000E+00  0.00000E+00  0.00000E+00  0.00000E+00  0.00000E+00  0.00000E+00  0.00000E+00  0.00000E+00  0.00000E+00  0.00000E+00  0.00000E+00  0.00000E+00  0.00000E+00  0.00000E+00  0.00000E+00  0.00000E+00  0.00000E+00  0.00000E+00  0.00000E+00
 OMEGA(4,2)    0.00000E+00  0.00000E+00  0.00000E+00  0.00000E+00  0.00000E+00  0.00000E+00  0.00000E+00  0.00000E+00  0.00000E+00  0.00000E+00  0.00000E+00  0.00000E+00  0.00000E+00  0.00000E+00  0.00000E+00  0.00000E+00  0.00000E+00  0.00000E+00  0.00000E+00  0.00000E+00  0.00000E+00  0.00000E+00  0.00000E+00  0.00000E+00  0.00000E+00  0.00000E+00  0.00000E+00  0.00000E+00  0.00000E+00  0.00000E+00  0.00000E+00
 OMEGA(4,3)    4.83896E+03 -2.71725E+03 -3.98241E+03 -7.75699E+03  3.42701E+02  1.76434E+06 -2.89250E+03 -5.57216E+03  3.26590E+03 -3.81968E+06  1.68019E+05  7.11879E+04  0.00000E+00  1.65824E+04 -2.02009E+03  0.00000E+00  8.05099E+02  9.97117E+02 -3.43075E+03  0.00000E+00  0.00000E+00 -5.36019E+03  0.00000E+00  0.00000E+00  1.53581E+04 -1.92441E+03  0.00000E+00  0.00000E+00  0.00000E+00  0.00000E+00  4.17423E+01
 OMEGA(4,4)   -6.96198E+03 -6.42596E+02  1.43544E+03  4.03579E+02 -1.73198E+02  2.51834E+06  6.22962E+03  5.92786E+02 -4.51463E+03  3.59862E+05 -1.15644E+05 -4.17741E+04  0.00000E+00 -1.58515E+04  5.43574E+02  0.00000E+00 -5.26460E+02  1.25068E+03 -4.26323E+03  0.00000E+00  0.00000E+00  1.61761E+03  0.00000E+00  0.00000E+00 -1.92441E+03  3.84844E+03  0.00000E+00  0.00000E+00  0.00000E+00  0.00000E+00  2.84483E+00
 OMEGA(5,1)    0.00000E+00  0.00000E+00  0.00000E+00  0.00000E+00  0.00000E+00  0.00000E+00  0.00000E+00  0.00000E+00  0.00000E+00  0.00000E+00  0.00000E+00  0.00000E+00  0.00000E+00  0.00000E+00  0.00000E+00  0.00000E+00  0.00000E+00  0.00000E+00  0.00000E+00  0.00000E+00  0.00000E+00  0.00000E+00  0.00000E+00  0.00000E+00  0.00000E+00  0.00000E+00  0.00000E+00  0.00000E+00  0.00000E+00  0.00000E+00  0.00000E+00
 OMEGA(5,2)    0.00000E+00  0.00000E+00  0.00000E+00  0.00000E+00  0.00000E+00  0.00000E+00  0.00000E+00  0.00000E+00  0.00000E+00  0.00000E+00  0.00000E+00  0.00000E+00  0.00000E+00  0.00000E+00  0.00000E+00  0.00000E+00  0.00000E+00  0.00000E+00  0.00000E+00  0.00000E+00  0.00000E+00  0.00000E+00  0.00000E+00  0.00000E+00  0.00000E+00  0.00000E+00  0.00000E+00  0.00000E+00  0.00000E+00  0.00000E+00  0.00000E+00
 OMEGA(5,3)    0.00000E+00  0.00000E+00  0.00000E+00  0.00000E+00  0.00000E+00  0.00000E+00  0.00000E+00  0.00000E+00  0.00000E+00  0.00000E+00  0.00000E+00  0.00000E+00  0.00000E+00  0.00000E+00  0.00000E+00  0.00000E+00  0.00000E+00  0.00000E+00  0.00000E+00  0.00000E+00  0.00000E+00  0.00000E+00  0.00000E+00  0.00000E+00  0.00000E+00  0.00000E+00  0.00000E+00  0.00000E+00  0.00000E+00  0.00000E+00  0.00000E+00
 OMEGA(5,4)    0.00000E+00  0.00000E+00  0.00000E+00  0.00000E+00  0.00000E+00  0.00000E+00  0.00000E+00  0.00000E+00  0.00000E+00  0.00000E+00  0.00000E+00  0.00000E+00  0.00000E+00  0.00000E+00  0.00000E+00  0.00000E+00  0.00000E+00  0.00000E+00  0.00000E+00  0.00000E+00  0.00000E+00  0.00000E+00  0.00000E+00  0.00000E+00  0.00000E+00  0.00000E+00  0.00000E+00  0.00000E+00  0.00000E+00  0.00000E+00  0.00000E+00
 OMEGA(5,5)   -1.18567E+02 -4.35613E+01  6.06417E+01 -1.00555E+02 -2.05579E+00  2.34548E+04  5.27412E+01  1.70721E+02 -7.75312E+01 -4.32331E+04 -4.58709E+02 -2.91167E+02  0.00000E+00 -4.60545E+02  1.68118E+01  0.00000E+00  3.31150E+01 -8.74843E+00 -4.60132E+01  0.00000E+00  0.00000E+00  1.28178E+01  0.00000E+00  0.00000E+00  4.17423E+01  2.84483E+00  0.00000E+00  0.00000E+00  0.00000E+00  0.00000E+00  1.88806E+00
TABLE NO.     2: Objective Function Evaluation by Importance Sampling (No Prior): Problem=1 Subproblem=0 Superproblem1=0 Iteration1=0 Superproblem2=0 Iteration2=0
 NAME         THETA1       THETA2       THETA3       THETA4       THETA5       THETA6       THETA7       THETA8       THETA9       THETA10      THETA11      THETA12      THETA13      THETA14      THETA15      SIGMA(1,1)   OMEGA(1,1)   OMEGA(2,1)   OMEGA(2,2)   OMEGA(3,1)   OMEGA(3,2)   OMEGA(3,3)   OMEGA(4,1)   OMEGA(4,2)   OMEGA(4,3)   OMEGA(4,4)   OMEGA(5,1)   OMEGA(5,2)   OMEGA(5,3)   OMEGA(5,4)   OMEGA(5,5)
 THETA1        1.14867E+07 -5.89663E+05  4.19311E+05  7.64886E+05 -2.64051E+05 -2.53188E+08 -9.54484E+05 -1.58131E+06  2.32516E+06  3.84187E+08 -3.83501E+07  2.28146E+08  0.00000E+00  2.39698E+07  3.85276E+05  0.00000E+00 -3.05238E+05 -1.14288E+04  5.96869E+05  0.00000E+00  0.00000E+00 -5.37367E+04  0.00000E+00  0.00000E+00  6.45248E+04 -8.42928E+04  0.00000E+00  0.00000E+00  0.00000E+00  0.00000E+00 -5.93945E+02
 THETA2       -5.89663E+05  1.07908E+05  1.72367E+04 -1.38855E+04  2.53462E+04  6.13393E+07 -1.35715E+05  4.70158E+05 -5.92744E+05 -5.49092E+07  2.91138E+06 -1.88016E+07  0.00000E+00 -1.09759E+06 -4.90734E+04  0.00000E+00 -1.29638E+04  1.50439E+05 -1.39939E+05  0.00000E+00  0.00000E+00 -1.68683E+04  0.00000E+00  0.00000E+00  2.55449E+04  6.34284E+03  0.00000E+00  0.00000E+00  0.00000E+00  0.00000E+00 -5.43290E-01
 THETA3        4.19311E+05  1.72367E+04  5.13498E+06 -1.37132E+05  1.84588E+02  8.29656E+07 -7.10525E+06  6.82597E+06  3.70167E+04 -1.57114E+08  1.92546E+07 -4.58965E+06  0.00000E+00  1.16378E+06  3.60058E+05  0.00000E+00 -2.22203E+05  6.57271E+04 -4.41682E+05  0.00000E+00  0.00000E+00 -6.04272E+04  0.00000E+00  0.00000E+00 -4.25320E+04  9.51949E+04  0.00000E+00  0.00000E+00  0.00000E+00  0.00000E+00  5.84435E+02
 THETA4        7.64886E+05 -1.38855E+04 -1.37132E+05  3.18282E+05 -2.45568E+03 -5.30625E+07  2.99764E+04  1.15618E+05  1.56718E+05  5.15770E+07  8.49876E+06  8.30095E+06  0.00000E+00  2.13772E+06 -6.94528E+03  0.00000E+00 -8.10400E+03  3.51916E+04  9.02604E+04  0.00000E+00  0.00000E+00 -1.14458E+03  0.00000E+00  0.00000E+00  5.00401E+04 -1.44000E+04  0.00000E+00  0.00000E+00  0.00000E+00  0.00000E+00 -9.29661E+01
 THETA5       -2.64051E+05  2.53462E+04  1.84588E+02 -2.45568E+03  1.04334E+04  1.08192E+07 -1.03123E+04  1.14445E+05 -9.84504E+04 -1.36630E+07  1.73832E+06 -7.44682E+06  0.00000E+00 -5.09989E+05 -1.67433E+04  0.00000E+00  3.50455E+03  2.66503E+04 -2.96865E+04  0.00000E+00  0.00000E+00 -1.66464E+03  0.00000E+00  0.00000E+00  4.52221E+03  3.21191E+03  0.00000E+00  0.00000E+00  0.00000E+00  0.00000E+00  4.16068E+00
 THETA6       -2.53188E+08  6.13393E+07  8.29656E+07 -5.30625E+07  1.08192E+07  8.91647E+10 -2.32559E+08  4.13550E+08 -3.54998E+08 -3.60245E+10 -7.09303E+09 -9.07767E+09  0.00000E+00 -4.90443E+08 -1.18075E+06  0.00000E+00 -2.73162E+07  1.25207E+08 -1.43393E+08  0.00000E+00  0.00000E+00 -1.90463E+07  0.00000E+00  0.00000E+00  1.57748E+07 -4.37086E+05  0.00000E+00  0.00000E+00  0.00000E+00  0.00000E+00  1.40953E+04
 THETA7       -9.54484E+05 -1.35715E+05 -7.10525E+06  2.99764E+04 -1.03123E+04 -2.32559E+08  1.86341E+07 -1.63561E+07  3.10333E+05  2.73833E+08 -4.72242E+07  2.73180E+07  0.00000E+00 -6.02603E+06 -5.26155E+05  0.00000E+00  5.98699E+05  1.60012E+05  4.78120E+05  0.00000E+00  0.00000E+00  1.99501E+05  0.00000E+00  0.00000E+00 -9.33033E+04 -1.11048E+05  0.00000E+00  0.00000E+00  0.00000E+00  0.00000E+00  2.97453E+02
 THETA8       -1.58131E+06  4.70158E+05  6.82597E+06  1.15618E+05  1.14445E+05  4.13550E+08 -1.63561E+07  1.99721E+07 -2.19829E+06 -3.39605E+08  7.37672E+07 -1.05854E+08  0.00000E+00  3.01029E+06  7.96259E+04  0.00000E+00 -5.67862E+05  9.27203E+04 -5.55447E+05  0.00000E+00  0.00000E+00 -2.45436E+05  0.00000E+00  0.00000E+00  2.07591E+05  1.30692E+05  0.00000E+00  0.00000E+00  0.00000E+00  0.00000E+00  1.44782E+02
 THETA9        2.32516E+06 -5.92744E+05  3.70167E+04  1.56718E+05 -9.84504E+04 -3.54998E+08  3.10333E+05 -2.19829E+06  4.98628E+06  2.01612E+08  6.44943E+06  9.05110E+07  0.00000E+00  6.81640E+06  3.31103E+05  0.00000E+00  1.03591E+05 -9.59015E+05  7.91089E+05  0.00000E+00  0.00000E+00  1.34473E+05  0.00000E+00  0.00000E+00 -1.45882E+05  2.83485E+04  0.00000E+00  0.00000E+00  0.00000E+00  0.00000E+00  1.65670E+02
 THETA10       3.84187E+08 -5.49092E+07 -1.57114E+08  5.15770E+07 -1.36630E+07 -3.60245E+10  2.73833E+08 -3.39605E+08  2.01612E+08  7.10801E+10 -4.75926E+09  1.09947E+10  0.00000E+00  7.87008E+08  1.70094E+07  0.00000E+00  1.33870E+07 -5.56164E+07  8.93422E+07  0.00000E+00  0.00000E+00  4.28195E+06  0.00000E+00  0.00000E+00  4.11506E+06 -1.80581E+07  0.00000E+00  0.00000E+00  0.00000E+00  0.00000E+00 -8.83806E+04
 THETA11      -3.83501E+07  2.91138E+06  1.92546E+07  8.49876E+06  1.73832E+06 -7.09303E+09 -4.72242E+07  7.37672E+07  6.44943E+06 -4.75926E+09  3.53488E+09 -1.29341E+09  0.00000E+00 -2.80040E+07 -3.77406E+06  0.00000E+00 -1.34427E+06 -8.52895E+06  9.07890E+06  0.00000E+00  0.00000E+00  6.22441E+05  0.00000E+00  0.00000E+00  7.28255E+05  2.10661E+06  0.00000E+00  0.00000E+00  0.00000E+00  0.00000E+00  6.10623E+02
 THETA12       2.28146E+08 -1.88016E+07 -4.58965E+06  8.30095E+06 -7.44682E+06 -9.07767E+09  2.73180E+07 -1.05854E+08  9.05110E+07  1.09947E+10 -1.29341E+09  6.14891E+09  0.00000E+00  4.78065E+08  7.06838E+06  0.00000E+00 -2.22469E+06 -1.39102E+07  2.03805E+07  0.00000E+00  0.00000E+00  1.07430E+06  0.00000E+00  0.00000E+00 -2.11572E+06 -2.02393E+06  0.00000E+00  0.00000E+00  0.00000E+00  0.00000E+00 -8.91751E+03
 THETA13       0.00000E+00  0.00000E+00  0.00000E+00  0.00000E+00  0.00000E+00  0.00000E+00  0.00000E+00  0.00000E+00  0.00000E+00  0.00000E+00  0.00000E+00  0.00000E+00  0.00000E+00  0.00000E+00  0.00000E+00  0.00000E+00  0.00000E+00  0.00000E+00  0.00000E+00  0.00000E+00  0.00000E+00  0.00000E+00  0.00000E+00  0.00000E+00  0.00000E+00  0.00000E+00  0.00000E+00  0.00000E+00  0.00000E+00  0.00000E+00  0.00000E+00
 THETA14       2.39698E+07 -1.09759E+06  1.16378E+06  2.13772E+06 -5.09989E+05 -4.90443E+08 -6.02603E+06  3.01029E+06  6.81640E+06  7.87008E+08 -2.80040E+07  4.78065E+08  0.00000E+00  6.04089E+07  1.04680E+06  0.00000E+00 -8.34014E+05 -8.61720E+04  1.43455E+06  0.00000E+00  0.00000E+00 -1.74161E+05  0.00000E+00  0.00000E+00  3.51566E+05 -1.55909E+05  0.00000E+00  0.00000E+00  0.00000E+00  0.00000E+00 -1.69176E+03
 THETA15       3.85276E+05 -4.90734E+04  3.60058E+05 -6.94528E+03 -1.67433E+04 -1.18075E+06 -5.26155E+05  7.96259E+04  3.31103E+05  1.70094E+07 -3.77406E+06  7.06838E+06  0.00000E+00  1.04680E+06  3.24732E+05  0.00000E+00 -4.63838E+04 -8.16724E+03 -3.30537E+03  0.00000E+00  0.00000E+00 -1.90914E+03  0.00000E+00  0.00000E+00 -1.48457E+03 -9.72195E+03  0.00000E+00  0.00000E+00  0.00000E+00  0.00000E+00  6.06982E+01
 SIGMA(1,1)    0.00000E+00  0.00000E+00  0.00000E+00  0.00000E+00  0.00000E+00  0.00000E+00  0.00000E+00  0.00000E+00  0.00000E+00  0.00000E+00  0.00000E+00  0.00000E+00  0.00000E+00  0.00000E+00  0.00000E+00  0.00000E+00  0.00000E+00  0.00000E+00  0.00000E+00  0.00000E+00  0.00000E+00  0.00000E+00  0.00000E+00  0.00000E+00  0.00000E+00  0.00000E+00  0.00000E+00  0.00000E+00  0.00000E+00  0.00000E+00  0.00000E+00
 OMEGA(1,1)   -3.05238E+05 -1.29638E+04 -2.22203E+05 -8.10400E+03  3.50455E+03 -2.73162E+07  5.98699E+05 -5.67862E+05  1.03591E+05  1.33870E+07 -1.34427E+06 -2.22469E+06  0.00000E+00 -8.34014E+05 -4.63838E+04  0.00000E+00  8.24100E+04 -4.10596E+04  8.75799E+04  0.00000E+00  0.00000E+00  2.61240E+04  0.00000E+00  0.00000E+00 -2.45651E+04  8.97421E+03  0.00000E+00  0.00000E+00  0.00000E+00  0.00000E+00  1.88546E+01
 OMEGA(2,1)   -1.14288E+04  1.50439E+05  6.57271E+04  3.51916E+04  2.66503E+04  1.25207E+08  1.60012E+05  9.27203E+04 -9.59015E+05 -5.56164E+07 -8.52895E+06 -1.39102E+07  0.00000E+00 -8.61720E+04 -8.16724E+03  0.00000E+00 -4.10596E+04  7.09200E+05 -3.23865E+05  0.00000E+00  0.00000E+00 -4.60132E+04  0.00000E+00  0.00000E+00  7.19570E+04 -6.76023E+03  0.00000E+00  0.00000E+00  0.00000E+00  0.00000E+00  1.76682E+02
 OMEGA(2,2)    5.96869E+05 -1.39939E+05 -4.41682E+05  9.02604E+04 -2.96865E+04 -1.43393E+08  4.78120E+05 -5.55447E+05  7.91089E+05  8.93422E+07  9.07890E+06  2.03805E+07  0.00000E+00  1.43455E+06 -3.30537E+03  0.00000E+00  8.75799E+04 -3.23865E+05  7.33373E+05  0.00000E+00  0.00000E+00  4.60766E+04  0.00000E+00  0.00000E+00 -4.76721E+04  5.59922E+03  0.00000E+00  0.00000E+00  0.00000E+00  0.00000E+00 -8.03790E+01
 OMEGA(3,1)    0.00000E+00  0.00000E+00  0.00000E+00  0.00000E+00  0.00000E+00  0.00000E+00  0.00000E+00  0.00000E+00  0.00000E+00  0.00000E+00  0.00000E+00  0.00000E+00  0.00000E+00  0.00000E+00  0.00000E+00  0.00000E+00  0.00000E+00  0.00000E+00  0.00000E+00  0.00000E+00  0.00000E+00  0.00000E+00  0.00000E+00  0.00000E+00  0.00000E+00  0.00000E+00  0.00000E+00  0.00000E+00  0.00000E+00  0.00000E+00  0.00000E+00
 OMEGA(3,2)    0.00000E+00  0.00000E+00  0.00000E+00  0.00000E+00  0.00000E+00  0.00000E+00  0.00000E+00  0.00000E+00  0.00000E+00  0.00000E+00  0.00000E+00  0.00000E+00  0.00000E+00  0.00000E+00  0.00000E+00  0.00000E+00  0.00000E+00  0.00000E+00  0.00000E+00  0.00000E+00  0.00000E+00  0.00000E+00  0.00000E+00  0.00000E+00  0.00000E+00  0.00000E+00  0.00000E+00  0.00000E+00  0.00000E+00  0.00000E+00  0.00000E+00
 OMEGA(3,3)   -5.37367E+04 -1.68683E+04 -6.04272E+04 -1.14458E+03 -1.66464E+03 -1.90463E+07  1.99501E+05 -2.45436E+05  1.34473E+05  4.28195E+06  6.22441E+05  1.07430E+06  0.00000E+00 -1.74161E+05 -1.90914E+03  0.00000E+00  2.61240E+04 -4.60132E+04  4.60766E+04  0.00000E+00  0.00000E+00  1.86848E+04  0.00000E+00  0.00000E+00 -1.69716E+04  3.92226E+03  0.00000E+00  0.00000E+00  0.00000E+00  0.00000E+00  2.57065E+01
 OMEGA(4,1)    0.00000E+00  0.00000E+00  0.00000E+00  0.00000E+00  0.00000E+00  0.00000E+00  0.00000E+00  0.00000E+00  0.00000E+00  0.00000E+00  0.00000E+00  0.00000E+00  0.00000E+00  0.00000E+00  0.00000E+00  0.00000E+00  0.00000E+00  0.00000E+00  0.00000E+00  0.00000E+00  0.00000E+00  0.00000E+00  0.00000E+00  0.00000E+00  0.00000E+00  0.00000E+00  0.00000E+00  0.00000E+00  0.00000E+00  0.00000E+00  0.00000E+00
 OMEGA(4,2)    0.00000E+00  0.00000E+00  0.00000E+00  0.00000E+00  0.00000E+00  0.00000E+00  0.00000E+00  0.00000E+00  0.00000E+00  0.00000E+00  0.00000E+00  0.00000E+00  0.00000E+00  0.00000E+00  0.00000E+00  0.00000E+00  0.00000E+00  0.00000E+00  0.00000E+00  0.00000E+00  0.00000E+00  0.00000E+00  0.00000E+00  0.00000E+00  0.00000E+00  0.00000E+00  0.00000E+00  0.00000E+00  0.00000E+00  0.00000E+00  0.00000E+00
 OMEGA(4,3)    6.45248E+04  2.55449E+04 -4.25320E+04  5.00401E+04  4.52221E+03  1.57748E+07 -9.33033E+04  2.07591E+05 -1.45882E+05  4.11506E+06  7.28255E+05 -2.11572E+06  0.00000E+00  3.51566E+05 -1.48457E+03  0.00000E+00 -2.45651E+04  7.19570E+04 -4.76721E+04  0.00000E+00  0.00000E+00 -1.69716E+04  0.00000E+00  0.00000E+00  4.16245E+04 -1.71300E+04  0.00000E+00  0.00000E+00  0.00000E+00  0.00000E+00 -3.28338E+01
 OMEGA(4,4)   -8.42928E+04  6.34284E+03  9.51949E+04 -1.44000E+04  3.21191E+03 -4.37086E+05 -1.11048E+05  1.30692E+05  2.83485E+04 -1.80581E+07  2.10661E+06 -2.02393E+06  0.00000E+00 -1.55909E+05 -9.72195E+03  0.00000E+00  8.97421E+03 -6.76023E+03  5.59922E+03  0.00000E+00  0.00000E+00  3.92226E+03  0.00000E+00  0.00000E+00 -1.71300E+04  2.18577E+04  0.00000E+00  0.00000E+00  0.00000E+00  0.00000E+00  4.34099E+01
 OMEGA(5,1)    0.00000E+00  0.00000E+00  0.00000E+00  0.00000E+00  0.00000E+00  0.00000E+00  0.00000E+00  0.00000E+00  0.00000E+00  0.00000E+00  0.00000E+00  0.00000E+00  0.00000E+00  0.00000E+00  0.00000E+00  0.00000E+00  0.00000E+00  0.00000E+00  0.00000E+00  0.00000E+00  0.00000E+00  0.00000E+00  0.00000E+00  0.00000E+00  0.00000E+00  0.00000E+00  0.00000E+00  0.00000E+00  0.00000E+00  0.00000E+00  0.00000E+00
 OMEGA(5,2)    0.00000E+00  0.00000E+00  0.00000E+00  0.00000E+00  0.00000E+00  0.00000E+00  0.00000E+00  0.00000E+00  0.00000E+00  0.00000E+00  0.00000E+00  0.00000E+00  0.00000E+00  0.00000E+00  0.00000E+00  0.00000E+00  0.00000E+00  0.00000E+00  0.00000E+00  0.00000E+00  0.00000E+00  0.00000E+00  0.00000E+00  0.00000E+00  0.00000E+00  0.00000E+00  0.00000E+00  0.00000E+00  0.00000E+00  0.00000E+00  0.00000E+00
 OMEGA(5,3)    0.00000E+00  0.00000E+00  0.00000E+00  0.00000E+00  0.00000E+00  0.00000E+00  0.00000E+00  0.00000E+00  0.00000E+00  0.00000E+00  0.00000E+00  0.00000E+00  0.00000E+00  0.00000E+00  0.00000E+00  0.00000E+00  0.00000E+00  0.00000E+00  0.00000E+00  0.00000E+00  0.00000E+00  0.00000E+00  0.00000E+00  0.00000E+00  0.00000E+00  0.00000E+00  0.00000E+00  0.00000E+00  0.00000E+00  0.00000E+00  0.00000E+00
 OMEGA(5,4)    0.00000E+00  0.00000E+00  0.00000E+00  0.00000E+00  0.00000E+00  0.00000E+00  0.00000E+00  0.00000E+00  0.00000E+00  0.00000E+00  0.00000E+00  0.00000E+00  0.00000E+00  0.00000E+00  0.00000E+00  0.00000E+00  0.00000E+00  0.00000E+00  0.00000E+00  0.00000E+00  0.00000E+00  0.00000E+00  0.00000E+00  0.00000E+00  0.00000E+00  0.00000E+00  0.00000E+00  0.00000E+00  0.00000E+00  0.00000E+00  0.00000E+00
 OMEGA(5,5)   -5.93945E+02 -5.43290E-01  5.84435E+02 -9.29661E+01  4.16068E+00  1.40953E+04  2.97453E+02  1.44782E+02  1.65670E+02 -8.83806E+04  6.10623E+02 -8.91751E+03  0.00000E+00 -1.69176E+03  6.06982E+01  0.00000E+00  1.88546E+01  1.76682E+02 -8.03790E+01  0.00000E+00  0.00000E+00  2.57065E+01  0.00000E+00  0.00000E+00 -3.28338E+01  4.34099E+01  0.00000E+00  0.00000E+00  0.00000E+00  0.00000E+00  1.34180E+00
