TABLE NO.     1: Stochastic Approximation Expectation-Maximization (No Prior): Problem=1 Subproblem=0 Superproblem1=0 Iteration1=0 Superproblem2=0 Iteration2=0
 NAME         THETA1       THETA2       THETA3       THETA4       THETA5       THETA6       THETA7       THETA8       THETA9       THETA10      THETA11      THETA12      THETA13      THETA14      THETA15      SIGMA(1,1)   OMEGA(1,1)   OMEGA(2,1)   OMEGA(2,2)   OMEGA(3,1)   OMEGA(3,2)   OMEGA(3,3)   OMEGA(4,1)   OMEGA(4,2)   OMEGA(4,3)   OMEGA(4,4)   OMEGA(5,1)   OMEGA(5,2)   OMEGA(5,3)   OMEGA(5,4)   OMEGA(5,5)
 THETA1        2.55702E-03 -1.37267E-01 -7.61074E-02  2.02781E-01  2.25509E-01 -2.00441E-01 -4.82019E-03 -6.19361E-02  2.62785E-01  3.68028E-01 -4.78948E-02 -6.10327E-01  0.00000E+00  2.85169E-02 -1.41465E-02  0.00000E+00 -5.63763E-02 -2.68888E-01  1.21261E-01  0.00000E+00  0.00000E+00  2.57209E-01  0.00000E+00  0.00000E+00  1.46023E-01  2.66505E-01  0.00000E+00  0.00000E+00  0.00000E+00  0.00000E+00  2.48826E-01
 THETA2       -1.37267E-01  3.77981E-02 -1.76922E-01 -7.84948E-01 -3.38249E-03  2.30067E-01 -1.64112E-01 -2.05268E-01 -7.49288E-01 -1.16539E-01  8.96711E-02 -8.21725E-02  0.00000E+00 -3.14232E-02  7.17156E-02  0.00000E+00 -3.31134E-01  2.04648E-01 -1.54010E-01  0.00000E+00  0.00000E+00 -3.65176E-01  0.00000E+00  0.00000E+00 -6.19796E-02  1.06501E-01  0.00000E+00  0.00000E+00  0.00000E+00  0.00000E+00  3.52205E-01
 THETA3       -7.61074E-02 -1.76922E-01  8.16384E-03  1.81968E-01 -3.02339E-01 -1.48129E-01  5.04030E-01 -1.65135E-02  1.07933E-01 -2.75328E-02 -4.64295E-02  2.10225E-01  0.00000E+00  1.04240E-01 -5.23265E-01  0.00000E+00  2.17343E-01 -8.47341E-02  1.70428E-01  0.00000E+00  0.00000E+00  3.40457E-01  0.00000E+00  0.00000E+00  3.28584E-01 -2.27771E-01  0.00000E+00  0.00000E+00  0.00000E+00  0.00000E+00 -4.14924E-01
 THETA4        2.02781E-01 -7.84948E-01  1.81968E-01  7.99186E-03 -1.62923E-01 -1.42862E-03  2.55599E-01  2.84646E-01  8.43900E-01  4.61903E-01 -8.60664E-02  4.40485E-02  0.00000E+00  6.73618E-03  5.44612E-03  0.00000E+00  3.21528E-01 -2.32110E-01  8.52402E-02  0.00000E+00  0.00000E+00  5.38663E-01  0.00000E+00  0.00000E+00  3.45120E-01 -2.05295E-01  0.00000E+00  0.00000E+00  0.00000E+00  0.00000E+00 -2.04730E-01
 THETA5        2.25509E-01 -3.38249E-03 -3.02339E-01 -1.62923E-01  1.94188E-01  2.13119E-01 -3.12995E-01 -1.25385E-01 -1.08938E-01  3.40318E-03  2.95527E-01 -5.05746E-01  0.00000E+00 -3.01566E-01 -4.90810E-02  0.00000E+00 -1.66987E-01  2.73380E-01 -1.76414E-01  0.00000E+00  0.00000E+00 -3.30137E-01  0.00000E+00  0.00000E+00 -5.30874E-01  2.61027E-01  0.00000E+00  0.00000E+00  0.00000E+00  0.00000E+00  3.76189E-01
 THETA6       -2.00441E-01  2.30067E-01 -1.48129E-01 -1.42862E-03  2.13119E-01  1.19616E-05 -1.83528E-02  1.69994E-01  1.33969E-01  7.15004E-02  3.98434E-01 -1.90849E-02  0.00000E+00 -3.38781E-01  1.21357E-01  0.00000E+00 -3.68479E-02  4.14568E-01 -3.32180E-01  0.00000E+00  0.00000E+00 -2.16811E-01  0.00000E+00  0.00000E+00 -2.34621E-01 -2.68254E-01  0.00000E+00  0.00000E+00  0.00000E+00  0.00000E+00  1.74319E-01
 THETA7       -4.82019E-03 -1.64112E-01  5.04030E-01  2.55599E-01 -3.12995E-01 -1.83528E-02  2.08801E-03  2.18883E-01  2.34532E-01  1.11277E-01 -5.40126E-01  8.16455E-02  0.00000E+00  5.18316E-02 -3.13144E-02  0.00000E+00  1.21605E-01 -1.57220E-01  4.53363E-02  0.00000E+00  0.00000E+00  4.12996E-01  0.00000E+00  0.00000E+00  4.18319E-01 -3.73010E-01  0.00000E+00  0.00000E+00  0.00000E+00  0.00000E+00 -3.76886E-01
 THETA8       -6.19361E-02 -2.05268E-01 -1.65135E-02  2.84646E-01 -1.25385E-01  1.69994E-01  2.18883E-01  1.22843E-03  2.78995E-01  1.11537E-01  2.23026E-01  5.51528E-02  0.00000E+00 -1.37928E-01  7.99317E-02  0.00000E+00  2.42698E-01  1.76409E-01 -1.86060E-01  0.00000E+00  0.00000E+00  2.54966E-01  0.00000E+00  0.00000E+00  1.89514E-01 -2.32274E-01  0.00000E+00  0.00000E+00  0.00000E+00  0.00000E+00 -2.62324E-01
 THETA9        2.62785E-01 -7.49288E-01  1.07933E-01  8.43900E-01 -1.08938E-01  1.33969E-01  2.34532E-01  2.78995E-01  6.69747E-03  4.61813E-01 -2.12056E-02 -7.79290E-02  0.00000E+00 -6.60751E-02  4.35452E-02  0.00000E+00  2.02475E-01 -2.38874E-01  9.93871E-02  0.00000E+00  0.00000E+00  4.54749E-01  0.00000E+00  0.00000E+00  2.39990E-01 -1.59031E-01  0.00000E+00  0.00000E+00  0.00000E+00  0.00000E+00 -1.37037E-01
 THETA10       3.68028E-01 -1.16539E-01 -2.75328E-02  4.61903E-01  3.40318E-03  7.15004E-02  1.11277E-01  1.11537E-01  4.61813E-01  1.51403E-05 -2.51088E-02 -3.33558E-01  0.00000E+00  9.82409E-02  4.50882E-02  0.00000E+00  3.02764E-03 -1.38654E-01 -5.92216E-02  0.00000E+00  0.00000E+00  3.72433E-01  0.00000E+00  0.00000E+00  3.91639E-01 -1.16049E-02  0.00000E+00  0.00000E+00  0.00000E+00  0.00000E+00  2.93957E-01
 THETA11      -4.78948E-02  8.96711E-02 -4.64295E-02 -8.60664E-02  2.95527E-01  3.98434E-01 -5.40126E-01  2.23026E-01 -2.12056E-02 -2.51088E-02  4.78194E-05 -7.63882E-02  0.00000E+00 -1.97460E-01 -1.82504E-01  0.00000E+00  1.43484E-01  3.69287E-01 -2.53386E-01  0.00000E+00  0.00000E+00 -1.78608E-01  0.00000E+00  0.00000E+00 -2.72242E-01  6.48047E-02  0.00000E+00  0.00000E+00  0.00000E+00  0.00000E+00  1.33695E-01
 THETA12      -6.10327E-01 -8.21725E-02  2.10225E-01  4.40485E-02 -5.05746E-01 -1.90849E-02  8.16455E-02  5.51528E-02 -7.79290E-02 -3.33558E-01 -7.63882E-02  2.41655E-04  0.00000E+00  2.84666E-01  3.23799E-02  0.00000E+00  3.72641E-01 -1.78019E-01  1.71237E-01  0.00000E+00  0.00000E+00  4.51046E-02  0.00000E+00  0.00000E+00  9.46501E-02 -1.69415E-01  0.00000E+00  0.00000E+00  0.00000E+00  0.00000E+00 -3.78150E-01
 THETA13       0.00000E+00  0.00000E+00  0.00000E+00  0.00000E+00  0.00000E+00  0.00000E+00  0.00000E+00  0.00000E+00  0.00000E+00  0.00000E+00  0.00000E+00  0.00000E+00  0.00000E+00  0.00000E+00  0.00000E+00  0.00000E+00  0.00000E+00  0.00000E+00  0.00000E+00  0.00000E+00  0.00000E+00  0.00000E+00  0.00000E+00  0.00000E+00  0.00000E+00  0.00000E+00  0.00000E+00  0.00000E+00  0.00000E+00  0.00000E+00  0.00000E+00
 THETA14       2.85169E-02 -3.14232E-02  1.04240E-01  6.73618E-03 -3.01566E-01 -3.38781E-01  5.18316E-02 -1.37928E-01 -6.60751E-02  9.82409E-02 -1.97460E-01  2.84666E-01  0.00000E+00  7.13741E-04 -1.48544E-02  0.00000E+00  1.30237E-01 -4.53593E-01  2.09838E-01  0.00000E+00  0.00000E+00  2.23365E-01  0.00000E+00  0.00000E+00  2.23531E-01  1.26718E-01  0.00000E+00  0.00000E+00  0.00000E+00  0.00000E+00 -1.53670E-03
 THETA15      -1.41465E-02  7.17156E-02 -5.23265E-01  5.44612E-03 -4.90810E-02  1.21357E-01 -3.13144E-02  7.99317E-02  4.35452E-02  4.50882E-02 -1.82504E-01  3.23799E-02  0.00000E+00 -1.48544E-02  1.83957E-02  0.00000E+00 -1.35202E-01 -1.72679E-01  3.26127E-02  0.00000E+00  0.00000E+00 -2.73428E-02  0.00000E+00  0.00000E+00  9.86981E-02 -1.91630E-02  0.00000E+00  0.00000E+00  0.00000E+00  0.00000E+00  6.32528E-03
 SIGMA(1,1)    0.00000E+00  0.00000E+00  0.00000E+00  0.00000E+00  0.00000E+00  0.00000E+00  0.00000E+00  0.00000E+00  0.00000E+00  0.00000E+00  0.00000E+00  0.00000E+00  0.00000E+00  0.00000E+00  0.00000E+00  0.00000E+00  0.00000E+00  0.00000E+00  0.00000E+00  0.00000E+00  0.00000E+00  0.00000E+00  0.00000E+00  0.00000E+00  0.00000E+00  0.00000E+00  0.00000E+00  0.00000E+00  0.00000E+00  0.00000E+00  0.00000E+00
 OMEGA(1,1)   -5.63763E-02 -3.31134E-01  2.17343E-01  3.21528E-01 -1.66987E-01 -3.68479E-02  1.21605E-01  2.42698E-01  2.02475E-01  3.02764E-03  1.43484E-01  3.72641E-01  0.00000E+00  1.30237E-01 -1.35202E-01  0.00000E+00  7.61941E-03  9.74632E-02 -3.56363E-03  0.00000E+00  0.00000E+00  3.04189E-01  0.00000E+00  0.00000E+00  1.61538E-01 -1.20488E-01  0.00000E+00  0.00000E+00  0.00000E+00  0.00000E+00 -3.45803E-01
 OMEGA(2,1)   -2.68888E-01  2.04648E-01 -8.47341E-02 -2.32110E-01  2.73380E-01  4.14568E-01 -1.57220E-01  1.76409E-01 -2.38874E-01 -1.38654E-01  3.69287E-01 -1.78019E-01  0.00000E+00 -4.53593E-01 -1.72679E-01  0.00000E+00  9.74632E-02  3.92376E-03 -3.66613E-01  0.00000E+00  0.00000E+00 -3.58259E-01  0.00000E+00  0.00000E+00 -3.52598E-01 -1.50742E-01  0.00000E+00  0.00000E+00  0.00000E+00  0.00000E+00  6.78966E-02
 OMEGA(2,2)    1.21261E-01 -1.54010E-01  1.70428E-01  8.52402E-02 -1.76414E-01 -3.32180E-01  4.53363E-02 -1.86060E-01  9.93871E-02 -5.92216E-02 -2.53386E-01  1.71237E-01  0.00000E+00  2.09838E-01  3.26127E-02  0.00000E+00 -3.56363E-03 -3.66613E-01  2.65435E-03  0.00000E+00  0.00000E+00  1.81582E-01  0.00000E+00  0.00000E+00  2.03071E-01  2.03322E-01  0.00000E+00  0.00000E+00  0.00000E+00  0.00000E+00 -9.88801E-02
 OMEGA(3,1)    0.00000E+00  0.00000E+00  0.00000E+00  0.00000E+00  0.00000E+00  0.00000E+00  0.00000E+00  0.00000E+00  0.00000E+00  0.00000E+00  0.00000E+00  0.00000E+00  0.00000E+00  0.00000E+00  0.00000E+00  0.00000E+00  0.00000E+00  0.00000E+00  0.00000E+00  0.00000E+00  0.00000E+00  0.00000E+00  0.00000E+00  0.00000E+00  0.00000E+00  0.00000E+00  0.00000E+00  0.00000E+00  0.00000E+00  0.00000E+00  0.00000E+00
 OMEGA(3,2)    0.00000E+00  0.00000E+00  0.00000E+00  0.00000E+00  0.00000E+00  0.00000E+00  0.00000E+00  0.00000E+00  0.00000E+00  0.00000E+00  0.00000E+00  0.00000E+00  0.00000E+00  0.00000E+00  0.00000E+00  0.00000E+00  0.00000E+00  0.00000E+00  0.00000E+00  0.00000E+00  0.00000E+00  0.00000E+00  0.00000E+00  0.00000E+00  0.00000E+00  0.00000E+00  0.00000E+00  0.00000E+00  0.00000E+00  0.00000E+00  0.00000E+00
 OMEGA(3,3)    2.57209E-01 -3.65176E-01  3.40457E-01  5.38663E-01 -3.30137E-01 -2.16811E-01  4.12996E-01  2.54966E-01  4.54749E-01  3.72433E-01 -1.78608E-01  4.51046E-02  0.00000E+00  2.23365E-01 -2.73428E-02  0.00000E+00  3.04189E-01 -3.58259E-01  1.81582E-01  0.00000E+00  0.00000E+00  3.07899E-02  0.00000E+00  0.00000E+00  7.69741E-01 -2.64338E-01  0.00000E+00  0.00000E+00  0.00000E+00  0.00000E+00 -3.92960E-01
 OMEGA(4,1)    0.00000E+00  0.00000E+00  0.00000E+00  0.00000E+00  0.00000E+00  0.00000E+00  0.00000E+00  0.00000E+00  0.00000E+00  0.00000E+00  0.00000E+00  0.00000E+00  0.00000E+00  0.00000E+00  0.00000E+00  0.00000E+00  0.00000E+00  0.00000E+00  0.00000E+00  0.00000E+00  0.00000E+00  0.00000E+00  0.00000E+00  0.00000E+00  0.00000E+00  0.00000E+00  0.00000E+00  0.00000E+00  0.00000E+00  0.00000E+00  0.00000E+00
 OMEGA(4,2)    0.00000E+00  0.00000E+00  0.00000E+00  0.00000E+00  0.00000E+00  0.00000E+00  0.00000E+00  0.00000E+00  0.00000E+00  0.00000E+00  0.00000E+00  0.00000E+00  0.00000E+00  0.00000E+00  0.00000E+00  0.00000E+00  0.00000E+00  0.00000E+00  0.00000E+00  0.00000E+00  0.00000E+00  0.00000E+00  0.00000E+00  0.00000E+00  0.00000E+00  0.00000E+00  0.00000E+00  0.00000E+00  0.00000E+00  0.00000E+00  0.00000E+00
 OMEGA(4,3)    1.46023E-01 -6.19796E-02  3.28584E-01  3.45120E-01 -5.30874E-01 -2.34621E-01  4.18319E-01  1.89514E-01  2.39990E-01  3.91639E-01 -2.72242E-01  9.46501E-02  0.00000E+00  2.23531E-01  9.86981E-02  0.00000E+00  1.61538E-01 -3.52598E-01  2.03071E-01  0.00000E+00  0.00000E+00  7.69741E-01  0.00000E+00  0.00000E+00  1.84666E-02 -1.30581E-01  0.00000E+00  0.00000E+00  0.00000E+00  0.00000E+00 -3.66380E-01
 OMEGA(4,4)    2.66505E-01  1.06501E-01 -2.27771E-01 -2.05295E-01  2.61027E-01 -2.68254E-01 -3.73010E-01 -2.32274E-01 -1.59031E-01 -1.16049E-02  6.48047E-02 -1.69415E-01  0.00000E+00  1.26718E-01 -1.91630E-02  0.00000E+00 -1.20488E-01 -1.50742E-01  2.03322E-01  0.00000E+00  0.00000E+00 -2.64338E-01  0.00000E+00  0.00000E+00 -1.30581E-01  2.18346E-02  0.00000E+00  0.00000E+00  0.00000E+00  0.00000E+00  2.65804E-01
 OMEGA(5,1)    0.00000E+00  0.00000E+00  0.00000E+00  0.00000E+00  0.00000E+00  0.00000E+00  0.00000E+00  0.00000E+00  0.00000E+00  0.00000E+00  0.00000E+00  0.00000E+00  0.00000E+00  0.00000E+00  0.00000E+00  0.00000E+00  0.00000E+00  0.00000E+00  0.00000E+00  0.00000E+00  0.00000E+00  0.00000E+00  0.00000E+00  0.00000E+00  0.00000E+00  0.00000E+00  0.00000E+00  0.00000E+00  0.00000E+00  0.00000E+00  0.00000E+00
 OMEGA(5,2)    0.00000E+00  0.00000E+00  0.00000E+00  0.00000E+00  0.00000E+00  0.00000E+00  0.00000E+00  0.00000E+00  0.00000E+00  0.00000E+00  0.00000E+00  0.00000E+00  0.00000E+00  0.00000E+00  0.00000E+00  0.00000E+00  0.00000E+00  0.00000E+00  0.00000E+00  0.00000E+00  0.00000E+00  0.00000E+00  0.00000E+00  0.00000E+00  0.00000E+00  0.00000E+00  0.00000E+00  0.00000E+00  0.00000E+00  0.00000E+00  0.00000E+00
 OMEGA(5,3)    0.00000E+00  0.00000E+00  0.00000E+00  0.00000E+00  0.00000E+00  0.00000E+00  0.00000E+00  0.00000E+00  0.00000E+00  0.00000E+00  0.00000E+00  0.00000E+00  0.00000E+00  0.00000E+00  0.00000E+00  0.00000E+00  0.00000E+00  0.00000E+00  0.00000E+00  0.00000E+00  0.00000E+00  0.00000E+00  0.00000E+00  0.00000E+00  0.00000E+00  0.00000E+00  0.00000E+00  0.00000E+00  0.00000E+00  0.00000E+00  0.00000E+00
 OMEGA(5,4)    0.00000E+00  0.00000E+00  0.00000E+00  0.00000E+00  0.00000E+00  0.00000E+00  0.00000E+00  0.00000E+00  0.00000E+00  0.00000E+00  0.00000E+00  0.00000E+00  0.00000E+00  0.00000E+00  0.00000E+00  0.00000E+00  0.00000E+00  0.00000E+00  0.00000E+00  0.00000E+00  0.00000E+00  0.00000E+00  0.00000E+00  0.00000E+00  0.00000E+00  0.00000E+00  0.00000E+00  0.00000E+00  0.00000E+00  0.00000E+00  0.00000E+00
 OMEGA(5,5)    2.48826E-01  3.52205E-01 -4.14924E-01 -2.04730E-01  3.76189E-01  1.74319E-01 -3.76886E-01 -2.62324E-01 -1.37037E-01  2.93957E-01  1.33695E-01 -3.78150E-01  0.00000E+00 -1.53670E-03  6.32528E-03  0.00000E+00 -3.45803E-01  6.78966E-02 -9.88801E-02  0.00000E+00  0.00000E+00 -3.92960E-01  0.00000E+00  0.00000E+00 -3.66380E-01  2.65804E-01  0.00000E+00  0.00000E+00  0.00000E+00  0.00000E+00  1.22152E+00
TABLE NO.     2: Objective Function Evaluation by Importance Sampling (No Prior): Problem=1 Subproblem=0 Superproblem1=0 Iteration1=0 Superproblem2=0 Iteration2=0
 NAME         THETA1       THETA2       THETA3       THETA4       THETA5       THETA6       THETA7       THETA8       THETA9       THETA10      THETA11      THETA12      THETA13      THETA14      THETA15      SIGMA(1,1)   OMEGA(1,1)   OMEGA(2,1)   OMEGA(2,2)   OMEGA(3,1)   OMEGA(3,2)   OMEGA(3,3)   OMEGA(4,1)   OMEGA(4,2)   OMEGA(4,3)   OMEGA(4,4)   OMEGA(5,1)   OMEGA(5,2)   OMEGA(5,3)   OMEGA(5,4)   OMEGA(5,5)
 THETA1        6.31420E-03  2.55688E-01  7.92089E-01 -6.29616E-01 -9.14767E-01 -1.84559E-01 -7.83391E-01 -8.34012E-01  8.76560E-01 -6.77564E-01 -3.08547E-03 -8.73771E-01  0.00000E+00  7.13506E-01 -8.31310E-01  0.00000E+00  9.77783E-02 -6.43352E-01 -1.50240E-01  0.00000E+00  0.00000E+00  1.36973E-01  0.00000E+00  0.00000E+00  6.60740E-02 -9.65863E-03  0.00000E+00  0.00000E+00  0.00000E+00  0.00000E+00 -1.03970E-01
 THETA2        2.55688E-01  3.15878E-02 -2.75992E-01  1.76032E-01 -6.82392E-02  5.97174E-01  2.73708E-01  2.44666E-01  6.27822E-01 -7.07773E-01 -1.02618E-01  1.56523E-01  0.00000E+00 -3.68674E-01  2.04068E-01  0.00000E+00 -1.21441E-01  3.79505E-01 -4.15457E-02  0.00000E+00  0.00000E+00  4.99880E-01  0.00000E+00  0.00000E+00  5.53257E-01  5.98300E-01  0.00000E+00  0.00000E+00  0.00000E+00  0.00000E+00 -4.28345E-01
 THETA3        7.92089E-01 -2.75992E-01  7.27611E-03 -7.26056E-01 -9.27850E-01 -5.27194E-01 -9.77235E-01 -9.90191E-01  5.62589E-01 -3.74656E-01  7.78558E-02 -9.84427E-01  0.00000E+00  9.86122E-01 -9.89491E-01  0.00000E+00  2.15895E-01 -8.38152E-01 -2.43468E-01  0.00000E+00  0.00000E+00 -1.42524E-01  0.00000E+00  0.00000E+00 -1.92738E-01 -2.94287E-01  0.00000E+00  0.00000E+00  0.00000E+00  0.00000E+00  1.73561E-01
 THETA4       -6.29616E-01  1.76032E-01 -7.26056E-01  4.35636E-03  6.80428E-01  4.42157E-01  6.96862E-01  7.14196E-01 -4.24382E-01  2.07284E-01 -9.67790E-02  7.22055E-01  0.00000E+00 -7.08780E-01  7.29962E-01  0.00000E+00 -1.75400E-01  6.00845E-01  1.70545E-01  0.00000E+00  0.00000E+00 -6.49972E-02  0.00000E+00  0.00000E+00 -6.91350E-02  1.26602E-01  0.00000E+00  0.00000E+00  0.00000E+00  0.00000E+00 -9.06051E-02
 THETA5       -9.14767E-01 -6.82392E-02 -9.27850E-01  6.80428E-01  1.22932E-01  3.54445E-01  8.91358E-01  9.37153E-01 -8.02086E-01  6.36015E-01  3.81938E-02  9.65020E-01  0.00000E+00 -8.88139E-01  9.58801E-01  0.00000E+00 -1.86312E-01  7.21491E-01  2.45673E-01  0.00000E+00  0.00000E+00 -2.37684E-02  0.00000E+00  0.00000E+00  2.74622E-03  9.91736E-02  0.00000E+00  0.00000E+00  0.00000E+00  0.00000E+00  7.12807E-02
 THETA6       -1.84559E-01  5.97174E-01 -5.27194E-01  4.42157E-01  3.54445E-01  1.02934E-05  4.88984E-01  5.09710E-01  8.84784E-02 -9.04973E-02  1.11090E-01  4.80847E-01  0.00000E+00 -5.91589E-01  4.89764E-01  0.00000E+00 -7.94058E-02  4.29818E-01  9.18945E-02  0.00000E+00  0.00000E+00  2.91492E-01  0.00000E+00  0.00000E+00  2.99930E-01  3.96072E-01  0.00000E+00  0.00000E+00  0.00000E+00  0.00000E+00 -1.12908E-01
 THETA7       -7.83391E-01  2.73708E-01 -9.77235E-01  6.96862E-01  8.91358E-01  4.88984E-01  2.96612E-03  9.63731E-01 -5.44252E-01  3.45734E-01 -1.47003E-01  9.53899E-01  0.00000E+00 -9.45966E-01  9.58683E-01  0.00000E+00 -2.19163E-01  8.17052E-01  2.41755E-01  0.00000E+00  0.00000E+00  1.31989E-01  0.00000E+00  0.00000E+00  2.05601E-01  2.89373E-01  0.00000E+00  0.00000E+00  0.00000E+00  0.00000E+00 -2.37542E-01
 THETA8       -8.34012E-01  2.44666E-01 -9.90191E-01  7.14196E-01  9.37153E-01  5.09710E-01  9.63731E-01  1.09242E-02 -5.94691E-01  3.88782E-01 -2.12246E-02  9.94412E-01  0.00000E+00 -9.77218E-01  9.86552E-01  0.00000E+00 -1.73011E-01  8.20943E-01  1.89793E-01  0.00000E+00  0.00000E+00  1.18487E-01  0.00000E+00  0.00000E+00  1.89585E-01  2.98289E-01  0.00000E+00  0.00000E+00  0.00000E+00  0.00000E+00 -1.06533E-01
 THETA9        8.76560E-01  6.27822E-01  5.62589E-01 -4.24382E-01 -8.02086E-01  8.84784E-02 -5.44252E-01 -5.94691E-01  6.85485E-03 -8.96005E-01 -7.70116E-02 -6.64097E-01  0.00000E+00  4.74415E-01 -6.17024E-01  0.00000E+00  4.65375E-02 -3.32525E-01 -1.97707E-01  0.00000E+00  0.00000E+00  2.95467E-01  0.00000E+00  0.00000E+00  2.91095E-01  2.41822E-01  0.00000E+00  0.00000E+00  0.00000E+00  0.00000E+00 -2.61827E-01
 THETA10      -6.77564E-01 -7.07773E-01 -3.74656E-01  2.07284E-01  6.36015E-01 -9.04973E-02  3.45734E-01  3.88782E-01 -8.96005E-01  1.95978E-05  6.39949E-02  4.65567E-01  0.00000E+00 -2.98206E-01  4.31999E-01  0.00000E+00 -9.61122E-02  1.81641E-01  1.75789E-01  0.00000E+00  0.00000E+00 -2.73563E-01  0.00000E+00  0.00000E+00 -3.34039E-01 -2.35341E-01  0.00000E+00  0.00000E+00  0.00000E+00  0.00000E+00  2.46316E-01
 THETA11      -3.08547E-03 -1.02618E-01  7.78558E-02 -9.67790E-02  3.81938E-02  1.11090E-01 -1.47003E-01 -2.12246E-02 -7.70116E-02  6.39949E-02  1.41317E-03 -1.04118E-02  0.00000E+00  2.16298E-02 -5.95923E-02  0.00000E+00  2.60403E-01 -2.71643E-01  6.54160E-02  0.00000E+00  0.00000E+00  1.06063E-01  0.00000E+00  0.00000E+00  1.36505E-01  1.57402E-01  0.00000E+00  0.00000E+00  0.00000E+00  0.00000E+00  8.16818E-01
 THETA12      -8.73771E-01  1.56523E-01 -9.84427E-01  7.22055E-01  9.65020E-01  4.80847E-01  9.53899E-01  9.94412E-01 -6.64097E-01  4.65567E-01 -1.04118E-02  1.11870E-03  0.00000E+00 -9.63512E-01  9.89083E-01  0.00000E+00 -1.79519E-01  8.04455E-01  2.09938E-01  0.00000E+00  0.00000E+00  7.81225E-02  0.00000E+00  0.00000E+00  1.48488E-01  2.53605E-01  0.00000E+00  0.00000E+00  0.00000E+00  0.00000E+00 -6.45731E-02
 THETA13       0.00000E+00  0.00000E+00  0.00000E+00  0.00000E+00  0.00000E+00  0.00000E+00  0.00000E+00  0.00000E+00  0.00000E+00  0.00000E+00  0.00000E+00  0.00000E+00  0.00000E+00  0.00000E+00  0.00000E+00  0.00000E+00  0.00000E+00  0.00000E+00  0.00000E+00  0.00000E+00  0.00000E+00  0.00000E+00  0.00000E+00  0.00000E+00  0.00000E+00  0.00000E+00  0.00000E+00  0.00000E+00  0.00000E+00  0.00000E+00  0.00000E+00
 THETA14       7.13506E-01 -3.68674E-01  9.86122E-01 -7.08780E-01 -8.88139E-01 -5.91589E-01 -9.45966E-01 -9.77218E-01  4.74415E-01 -2.98206E-01  2.16298E-02 -9.63512E-01  0.00000E+00  5.50272E-03 -9.70534E-01  0.00000E+00  2.21492E-01 -8.12596E-01 -2.30064E-01  0.00000E+00  0.00000E+00 -1.91306E-01  0.00000E+00  0.00000E+00 -2.57514E-01 -3.72745E-01  0.00000E+00  0.00000E+00  0.00000E+00  0.00000E+00  1.55681E-01
 THETA15      -8.31310E-01  2.04068E-01 -9.89491E-01  7.29962E-01  9.58801E-01  4.89764E-01  9.58683E-01  9.86552E-01 -6.17024E-01  4.31999E-01 -5.95923E-02  9.89083E-01  0.00000E+00 -9.70534E-01  2.09034E-02  0.00000E+00 -2.38187E-01  8.35427E-01  2.33995E-01  0.00000E+00  0.00000E+00  1.16291E-01  0.00000E+00  0.00000E+00  1.42082E-01  2.54862E-01  0.00000E+00  0.00000E+00  0.00000E+00  0.00000E+00 -1.13796E-01
 SIGMA(1,1)    0.00000E+00  0.00000E+00  0.00000E+00  0.00000E+00  0.00000E+00  0.00000E+00  0.00000E+00  0.00000E+00  0.00000E+00  0.00000E+00  0.00000E+00  0.00000E+00  0.00000E+00  0.00000E+00  0.00000E+00  0.00000E+00  0.00000E+00  0.00000E+00  0.00000E+00  0.00000E+00  0.00000E+00  0.00000E+00  0.00000E+00  0.00000E+00  0.00000E+00  0.00000E+00  0.00000E+00  0.00000E+00  0.00000E+00  0.00000E+00  0.00000E+00
 OMEGA(1,1)    9.77783E-02 -1.21441E-01  2.15895E-01 -1.75400E-01 -1.86312E-01 -7.94058E-02 -2.19163E-01 -1.73011E-01  4.65375E-02 -9.61122E-02  2.60403E-01 -1.79519E-01  0.00000E+00  2.21492E-01 -2.38187E-01  0.00000E+00  7.14767E-03 -2.71207E-01 -3.53980E-01  0.00000E+00  0.00000E+00 -4.79686E-01  0.00000E+00  0.00000E+00 -1.98723E-01 -3.48150E-01  0.00000E+00  0.00000E+00  0.00000E+00  0.00000E+00  1.89972E-01
 OMEGA(2,1)   -6.43352E-01  3.79505E-01 -8.38152E-01  6.00845E-01  7.21491E-01  4.29818E-01  8.17052E-01  8.20943E-01 -3.32525E-01  1.81641E-01 -2.71643E-01  8.04455E-01  0.00000E+00 -8.12596E-01  8.35427E-01  0.00000E+00 -2.71207E-01  3.76814E-03  2.09475E-01  0.00000E+00  0.00000E+00  2.14565E-01  0.00000E+00  0.00000E+00  1.62586E-01  2.87304E-01  0.00000E+00  0.00000E+00  0.00000E+00  0.00000E+00 -3.51545E-01
 OMEGA(2,2)   -1.50240E-01 -4.15457E-02 -2.43468E-01  1.70545E-01  2.45673E-01  9.18945E-02  2.41755E-01  1.89793E-01 -1.97707E-01  1.75789E-01  6.54160E-02  2.09938E-01  0.00000E+00 -2.30064E-01  2.33995E-01  0.00000E+00 -3.53980E-01  2.09475E-01  1.78657E-03  0.00000E+00  0.00000E+00  6.93873E-03  0.00000E+00  0.00000E+00  6.64883E-02  2.19914E-02  0.00000E+00  0.00000E+00  0.00000E+00  0.00000E+00 -7.55552E-02
 OMEGA(3,1)    0.00000E+00  0.00000E+00  0.00000E+00  0.00000E+00  0.00000E+00  0.00000E+00  0.00000E+00  0.00000E+00  0.00000E+00  0.00000E+00  0.00000E+00  0.00000E+00  0.00000E+00  0.00000E+00  0.00000E+00  0.00000E+00  0.00000E+00  0.00000E+00  0.00000E+00  0.00000E+00  0.00000E+00  0.00000E+00  0.00000E+00  0.00000E+00  0.00000E+00  0.00000E+00  0.00000E+00  0.00000E+00  0.00000E+00  0.00000E+00  0.00000E+00
 OMEGA(3,2)    0.00000E+00  0.00000E+00  0.00000E+00  0.00000E+00  0.00000E+00  0.00000E+00  0.00000E+00  0.00000E+00  0.00000E+00  0.00000E+00  0.00000E+00  0.00000E+00  0.00000E+00  0.00000E+00  0.00000E+00  0.00000E+00  0.00000E+00  0.00000E+00  0.00000E+00  0.00000E+00  0.00000E+00  0.00000E+00  0.00000E+00  0.00000E+00  0.00000E+00  0.00000E+00  0.00000E+00  0.00000E+00  0.00000E+00  0.00000E+00  0.00000E+00
 OMEGA(3,3)    1.36973E-01  4.99880E-01 -1.42524E-01 -6.49972E-02 -2.37684E-02  2.91492E-01  1.31989E-01  1.18487E-01  2.95467E-01 -2.73563E-01  1.06063E-01  7.81225E-02  0.00000E+00 -1.91306E-01  1.16291E-01  0.00000E+00 -4.79686E-01  2.14565E-01  6.93873E-03  0.00000E+00  0.00000E+00  1.66195E-02  0.00000E+00  0.00000E+00  6.60229E-01  5.70183E-01  0.00000E+00  0.00000E+00  0.00000E+00  0.00000E+00 -2.28582E-01
 OMEGA(4,1)    0.00000E+00  0.00000E+00  0.00000E+00  0.00000E+00  0.00000E+00  0.00000E+00  0.00000E+00  0.00000E+00  0.00000E+00  0.00000E+00  0.00000E+00  0.00000E+00  0.00000E+00  0.00000E+00  0.00000E+00  0.00000E+00  0.00000E+00  0.00000E+00  0.00000E+00  0.00000E+00  0.00000E+00  0.00000E+00  0.00000E+00  0.00000E+00  0.00000E+00  0.00000E+00  0.00000E+00  0.00000E+00  0.00000E+00  0.00000E+00  0.00000E+00
 OMEGA(4,2)    0.00000E+00  0.00000E+00  0.00000E+00  0.00000E+00  0.00000E+00  0.00000E+00  0.00000E+00  0.00000E+00  0.00000E+00  0.00000E+00  0.00000E+00  0.00000E+00  0.00000E+00  0.00000E+00  0.00000E+00  0.00000E+00  0.00000E+00  0.00000E+00  0.00000E+00  0.00000E+00  0.00000E+00  0.00000E+00  0.00000E+00  0.00000E+00  0.00000E+00  0.00000E+00  0.00000E+00  0.00000E+00  0.00000E+00  0.00000E+00  0.00000E+00
 OMEGA(4,3)    6.60740E-02  5.53257E-01 -1.92738E-01 -6.91350E-02  2.74622E-03  2.99930E-01  2.05601E-01  1.89585E-01  2.91095E-01 -3.34039E-01  1.36505E-01  1.48488E-01  0.00000E+00 -2.57514E-01  1.42082E-01  0.00000E+00 -1.98723E-01  1.62586E-01  6.64883E-02  0.00000E+00  0.00000E+00  6.60229E-01  0.00000E+00  0.00000E+00  1.44228E-02  7.96180E-01  0.00000E+00  0.00000E+00  0.00000E+00  0.00000E+00 -2.28191E-01
 OMEGA(4,4)   -9.65863E-03  5.98300E-01 -2.94287E-01  1.26602E-01  9.91736E-02  3.96072E-01  2.89373E-01  2.98289E-01  2.41822E-01 -2.35341E-01  1.57402E-01  2.53605E-01  0.00000E+00 -3.72745E-01  2.54862E-01  0.00000E+00 -3.48150E-01  2.87304E-01  2.19914E-02  0.00000E+00  0.00000E+00  5.70183E-01  0.00000E+00  0.00000E+00  7.96180E-01  1.64979E-02  0.00000E+00  0.00000E+00  0.00000E+00  0.00000E+00 -2.29258E-01
 OMEGA(5,1)    0.00000E+00  0.00000E+00  0.00000E+00  0.00000E+00  0.00000E+00  0.00000E+00  0.00000E+00  0.00000E+00  0.00000E+00  0.00000E+00  0.00000E+00  0.00000E+00  0.00000E+00  0.00000E+00  0.00000E+00  0.00000E+00  0.00000E+00  0.00000E+00  0.00000E+00  0.00000E+00  0.00000E+00  0.00000E+00  0.00000E+00  0.00000E+00  0.00000E+00  0.00000E+00  0.00000E+00  0.00000E+00  0.00000E+00  0.00000E+00  0.00000E+00
 OMEGA(5,2)    0.00000E+00  0.00000E+00  0.00000E+00  0.00000E+00  0.00000E+00  0.00000E+00  0.00000E+00  0.00000E+00  0.00000E+00  0.00000E+00  0.00000E+00  0.00000E+00  0.00000E+00  0.00000E+00  0.00000E+00  0.00000E+00  0.00000E+00  0.00000E+00  0.00000E+00  0.00000E+00  0.00000E+00  0.00000E+00  0.00000E+00  0.00000E+00  0.00000E+00  0.00000E+00  0.00000E+00  0.00000E+00  0.00000E+00  0.00000E+00  0.00000E+00
 OMEGA(5,3)    0.00000E+00  0.00000E+00  0.00000E+00  0.00000E+00  0.00000E+00  0.00000E+00  0.00000E+00  0.00000E+00  0.00000E+00  0.00000E+00  0.00000E+00  0.00000E+00  0.00000E+00  0.00000E+00  0.00000E+00  0.00000E+00  0.00000E+00  0.00000E+00  0.00000E+00  0.00000E+00  0.00000E+00  0.00000E+00  0.00000E+00  0.00000E+00  0.00000E+00  0.00000E+00  0.00000E+00  0.00000E+00  0.00000E+00  0.00000E+00  0.00000E+00
 OMEGA(5,4)    0.00000E+00  0.00000E+00  0.00000E+00  0.00000E+00  0.00000E+00  0.00000E+00  0.00000E+00  0.00000E+00  0.00000E+00  0.00000E+00  0.00000E+00  0.00000E+00  0.00000E+00  0.00000E+00  0.00000E+00  0.00000E+00  0.00000E+00  0.00000E+00  0.00000E+00  0.00000E+00  0.00000E+00  0.00000E+00  0.00000E+00  0.00000E+00  0.00000E+00  0.00000E+00  0.00000E+00  0.00000E+00  0.00000E+00  0.00000E+00  0.00000E+00
 OMEGA(5,5)   -1.03970E-01 -4.28345E-01  1.73561E-01 -9.06051E-02  7.12807E-02 -1.12908E-01 -2.37542E-01 -1.06533E-01 -2.61827E-01  2.46316E-01  8.16818E-01 -6.45731E-02  0.00000E+00  1.55681E-01 -1.13796E-01  0.00000E+00  1.89972E-01 -3.51545E-01 -7.55552E-02  0.00000E+00  0.00000E+00 -2.28582E-01  0.00000E+00  0.00000E+00 -2.28191E-01 -2.29258E-01  0.00000E+00  0.00000E+00  0.00000E+00  0.00000E+00  1.30586E+00
