TABLE NO.     1: Stochastic Approximation Expectation-Maximization (No Prior): Problem=1 Subproblem=0 Superproblem1=0 Iteration1=0 Superproblem2=0 Iteration2=0
 NAME         THETA1       THETA2       THETA3       THETA4       THETA5       THETA6       THETA7       THETA8       THETA9       THETA10      THETA11      THETA12      THETA13      THETA14      THETA15      SIGMA(1,1)   OMEGA(1,1)   OMEGA(2,1)   OMEGA(2,2)   OMEGA(3,1)   OMEGA(3,2)   OMEGA(3,3)   OMEGA(4,1)   OMEGA(4,2)   OMEGA(4,3)   OMEGA(4,4)   OMEGA(5,1)   OMEGA(5,2)   OMEGA(5,3)   OMEGA(5,4)   OMEGA(5,5)
 THETA1        6.53838E-06 -1.32670E-05 -1.58875E-06  4.14390E-06  1.11975E-04 -6.13071E-09 -2.57355E-08 -1.94549E-07  4.50035E-06  1.42478E-08 -5.85635E-09 -3.77133E-07  0.00000E+00  5.20449E-08 -6.65426E-07  0.00000E+00 -1.09838E-06 -2.69779E-06  8.23030E-07  0.00000E+00  0.00000E+00  2.02502E-05  0.00000E+00  0.00000E+00  6.89512E-06  1.48794E-05  0.00000E+00  0.00000E+00  0.00000E+00  0.00000E+00  7.77200E-04
 THETA2       -1.32670E-05  1.42870E-03 -5.45941E-05 -2.37115E-04 -2.48273E-05  1.04019E-07 -1.29522E-05 -9.53104E-06 -1.89684E-04 -6.66919E-08  1.62079E-07 -7.50573E-07  0.00000E+00 -8.47737E-07  4.98656E-05  0.00000E+00 -9.53665E-05  3.03514E-05 -1.54518E-05  0.00000E+00  0.00000E+00 -4.24992E-04  0.00000E+00  0.00000E+00 -4.32619E-05  8.78961E-05  0.00000E+00  0.00000E+00  0.00000E+00  0.00000E+00  1.62617E-02
 THETA3       -1.58875E-06 -5.45941E-05  6.66482E-05  1.18724E-05 -4.79304E-04 -1.44652E-08  8.59179E-06 -1.65609E-07  5.90145E-06 -3.40312E-09 -1.81256E-08  4.14740E-07  0.00000E+00  6.07393E-07 -7.85838E-05  0.00000E+00  1.35195E-05 -2.71428E-06  3.69311E-06  0.00000E+00  0.00000E+00  8.55787E-05  0.00000E+00  0.00000E+00  4.95366E-05 -4.06012E-05  0.00000E+00  0.00000E+00  0.00000E+00  0.00000E+00 -4.13775E-03
 THETA4        4.14390E-06 -2.37115E-04  1.18724E-05  6.38698E-05 -2.52843E-04 -1.36570E-10  4.26520E-06  2.79449E-06  4.51700E-05  5.58898E-08 -3.28916E-08  8.50699E-08  0.00000E+00  3.84240E-08  8.00667E-07  0.00000E+00  1.95789E-05 -7.27854E-06  1.80822E-06  0.00000E+00  0.00000E+00  1.32548E-04  0.00000E+00  0.00000E+00  5.09335E-05 -3.58238E-05  0.00000E+00  0.00000E+00  0.00000E+00  0.00000E+00 -1.99862E-03
 THETA5        1.11975E-04 -2.48273E-05 -4.79304E-04 -2.52843E-04  3.77089E-02  4.95032E-07 -1.26909E-04 -2.99101E-05 -1.41681E-04  1.00055E-08  2.74424E-06 -2.37329E-05  0.00000E+00 -4.17970E-05 -1.75329E-04  0.00000E+00 -2.47074E-04  2.08301E-04 -9.09313E-05  0.00000E+00  0.00000E+00 -1.97390E-03  0.00000E+00  0.00000E+00 -1.90370E-03  1.10676E-03  0.00000E+00  0.00000E+00  0.00000E+00  0.00000E+00  8.92337E-02
 THETA6       -6.13071E-09  1.04019E-07 -1.44652E-08 -1.36570E-10  4.95032E-07  1.43080E-10 -4.58380E-10  2.49789E-09  1.07326E-08  1.29488E-11  2.27903E-10 -5.51665E-11  0.00000E+00 -2.89234E-09  2.67036E-08  0.00000E+00 -3.35833E-09  1.94575E-08 -1.05468E-08  0.00000E+00  0.00000E+00 -7.98506E-08  0.00000E+00  0.00000E+00 -5.18254E-08 -7.00616E-08  0.00000E+00  0.00000E+00  0.00000E+00  0.00000E+00  2.54704E-06
 THETA7       -2.57355E-08 -1.29522E-05  8.59179E-06  4.26520E-06 -1.26909E-04 -4.58380E-10  4.35979E-06  5.61430E-07  3.27978E-06  3.51780E-09 -5.39302E-08  4.11966E-08  0.00000E+00  7.72446E-08 -1.20280E-06  0.00000E+00  1.93467E-06 -1.28807E-06  2.51268E-07  0.00000E+00  0.00000E+00  2.65514E-05  0.00000E+00  0.00000E+00  1.61297E-05 -1.70059E-05  0.00000E+00  0.00000E+00  0.00000E+00  0.00000E+00 -9.61266E-04
 THETA8       -1.94549E-07 -9.53104E-06 -1.65609E-07  2.79449E-06 -2.99101E-05  2.49789E-09  5.61430E-07  1.50904E-06  2.29540E-06  2.07445E-09  1.31012E-08  1.63725E-08  0.00000E+00 -1.20933E-07  1.80628E-06  0.00000E+00  2.27163E-06  8.50300E-07 -6.06683E-07  0.00000E+00  0.00000E+00  9.64364E-06  0.00000E+00  0.00000E+00  4.29910E-06 -6.23010E-06  0.00000E+00  0.00000E+00  0.00000E+00  0.00000E+00 -3.93631E-04
 THETA9        4.50035E-06 -1.89684E-04  5.90145E-06  4.51700E-05 -1.41681E-04  1.07326E-08  3.27978E-06  2.29540E-06  4.48561E-05  4.68285E-08 -6.79149E-09 -1.26127E-07  0.00000E+00 -3.15856E-07  5.36498E-06  0.00000E+00  1.03325E-05 -6.27742E-06  1.76685E-06  0.00000E+00  0.00000E+00  9.37760E-05  0.00000E+00  0.00000E+00  2.96818E-05 -2.32562E-05  0.00000E+00  0.00000E+00  0.00000E+00  0.00000E+00 -1.12111E-03
 THETA10       1.42478E-08 -6.66919E-08 -3.40312E-09  5.58898E-08  1.00055E-08  1.29488E-11  3.51780E-09  2.07445E-09  4.68285E-08  2.29227E-10 -1.81787E-11 -1.22040E-09  0.00000E+00  1.06161E-09  1.25578E-08  0.00000E+00  3.49268E-10 -8.23700E-09 -2.37997E-09  0.00000E+00  0.00000E+00  1.73616E-07  0.00000E+00  0.00000E+00  1.09498E-07 -3.83637E-09  0.00000E+00  0.00000E+00  0.00000E+00  0.00000E+00  5.43650E-06
 THETA11      -5.85635E-09  1.62079E-07 -1.81256E-08 -3.28916E-08  2.74424E-06  2.27903E-10 -5.39302E-08  1.31012E-08 -6.79149E-09 -1.81787E-11  2.28669E-09 -8.82729E-10  0.00000E+00 -6.73944E-09 -1.60544E-07  0.00000E+00  5.22791E-08  6.92900E-08 -3.21622E-08  0.00000E+00  0.00000E+00 -2.62974E-07  0.00000E+00  0.00000E+00 -2.40406E-07  6.76637E-08  0.00000E+00  0.00000E+00  0.00000E+00  0.00000E+00  7.80943E-06
 THETA12      -3.77133E-07 -7.50573E-07  4.14740E-07  8.50699E-08 -2.37329E-05 -5.51665E-11  4.11966E-08  1.63725E-08 -1.26127E-07 -1.22040E-09 -8.82729E-10  5.83974E-08  0.00000E+00  4.90991E-08  1.43943E-07  0.00000E+00  6.86134E-07 -1.68797E-07  1.09838E-07  0.00000E+00  0.00000E+00  3.35603E-07  0.00000E+00  0.00000E+00  4.22381E-07 -8.93908E-07  0.00000E+00  0.00000E+00  0.00000E+00  0.00000E+00 -1.11625E-04
 THETA13       0.00000E+00  0.00000E+00  0.00000E+00  0.00000E+00  0.00000E+00  0.00000E+00  0.00000E+00  0.00000E+00  0.00000E+00  0.00000E+00  0.00000E+00  0.00000E+00  0.00000E+00  0.00000E+00  0.00000E+00  0.00000E+00  0.00000E+00  0.00000E+00  0.00000E+00  0.00000E+00  0.00000E+00  0.00000E+00  0.00000E+00  0.00000E+00  0.00000E+00  0.00000E+00  0.00000E+00  0.00000E+00  0.00000E+00  0.00000E+00  0.00000E+00
 THETA14       5.20449E-08 -8.47737E-07  6.07393E-07  3.84240E-08 -4.17970E-05 -2.89234E-09  7.72446E-08 -1.20933E-07 -3.15856E-07  1.06161E-09 -6.73944E-09  4.90991E-08  0.00000E+00  5.09426E-07 -1.95036E-07  0.00000E+00  7.08268E-07 -1.27031E-06  3.97542E-07  0.00000E+00  0.00000E+00  4.90868E-06  0.00000E+00  0.00000E+00  2.94621E-06  1.97481E-06  0.00000E+00  0.00000E+00  0.00000E+00  0.00000E+00 -1.33977E-06
 THETA15      -6.65426E-07  4.98656E-05 -7.85838E-05  8.00667E-07 -1.75329E-04  2.67036E-08 -1.20280E-06  1.80628E-06  5.36498E-06  1.25578E-08 -1.60544E-07  1.43943E-07  0.00000E+00 -1.95036E-07  3.38403E-04  0.00000E+00 -1.89505E-05 -1.24641E-05  1.59244E-06  0.00000E+00  0.00000E+00 -1.54870E-05  0.00000E+00  0.00000E+00  3.35283E-05 -7.69709E-06  0.00000E+00  0.00000E+00  0.00000E+00  0.00000E+00  1.42134E-04
 SIGMA(1,1)    0.00000E+00  0.00000E+00  0.00000E+00  0.00000E+00  0.00000E+00  0.00000E+00  0.00000E+00  0.00000E+00  0.00000E+00  0.00000E+00  0.00000E+00  0.00000E+00  0.00000E+00  0.00000E+00  0.00000E+00  0.00000E+00  0.00000E+00  0.00000E+00  0.00000E+00  0.00000E+00  0.00000E+00  0.00000E+00  0.00000E+00  0.00000E+00  0.00000E+00  0.00000E+00  0.00000E+00  0.00000E+00  0.00000E+00  0.00000E+00  0.00000E+00
 OMEGA(1,1)   -1.09838E-06 -9.53665E-05  1.35195E-05  1.95789E-05 -2.47074E-04 -3.35833E-09  1.93467E-06  2.27163E-06  1.03325E-05  3.49268E-10  5.22791E-08  6.86134E-07  0.00000E+00  7.08268E-07 -1.89505E-05  0.00000E+00  5.80554E-05  2.91383E-06 -7.20729E-08  0.00000E+00  0.00000E+00  7.13630E-05  0.00000E+00  0.00000E+00  2.27292E-05 -2.00452E-05  0.00000E+00  0.00000E+00  0.00000E+00  0.00000E+00 -3.21848E-03
 OMEGA(2,1)   -2.69779E-06  3.03514E-05 -2.71428E-06 -7.27854E-06  2.08301E-04  1.94575E-08 -1.28807E-06  8.50300E-07 -6.27742E-06 -8.23700E-09  6.92900E-08 -1.68797E-07  0.00000E+00 -1.27031E-06 -1.24641E-05  0.00000E+00  2.91383E-06  1.53959E-05 -3.81828E-06  0.00000E+00  0.00000E+00 -4.32821E-05  0.00000E+00  0.00000E+00 -2.55486E-05 -1.29146E-05  0.00000E+00  0.00000E+00  0.00000E+00  0.00000E+00  3.25425E-04
 OMEGA(2,2)    8.23030E-07 -1.54518E-05  3.69311E-06  1.80822E-06 -9.09313E-05 -1.05468E-08  2.51268E-07 -6.06683E-07  1.76685E-06 -2.37997E-09 -3.21622E-08  1.09838E-07  0.00000E+00  3.97542E-07  1.59244E-06  0.00000E+00 -7.20729E-08 -3.81828E-06  7.04557E-06  0.00000E+00  0.00000E+00  1.48402E-05  0.00000E+00  0.00000E+00  9.95386E-06  1.17839E-05  0.00000E+00  0.00000E+00  0.00000E+00  0.00000E+00 -3.20603E-04
 OMEGA(3,1)    0.00000E+00  0.00000E+00  0.00000E+00  0.00000E+00  0.00000E+00  0.00000E+00  0.00000E+00  0.00000E+00  0.00000E+00  0.00000E+00  0.00000E+00  0.00000E+00  0.00000E+00  0.00000E+00  0.00000E+00  0.00000E+00  0.00000E+00  0.00000E+00  0.00000E+00  0.00000E+00  0.00000E+00  0.00000E+00  0.00000E+00  0.00000E+00  0.00000E+00  0.00000E+00  0.00000E+00  0.00000E+00  0.00000E+00  0.00000E+00  0.00000E+00
 OMEGA(3,2)    0.00000E+00  0.00000E+00  0.00000E+00  0.00000E+00  0.00000E+00  0.00000E+00  0.00000E+00  0.00000E+00  0.00000E+00  0.00000E+00  0.00000E+00  0.00000E+00  0.00000E+00  0.00000E+00  0.00000E+00  0.00000E+00  0.00000E+00  0.00000E+00  0.00000E+00  0.00000E+00  0.00000E+00  0.00000E+00  0.00000E+00  0.00000E+00  0.00000E+00  0.00000E+00  0.00000E+00  0.00000E+00  0.00000E+00  0.00000E+00  0.00000E+00
 OMEGA(3,3)    2.02502E-05 -4.24992E-04  8.55787E-05  1.32548E-04 -1.97390E-03 -7.98506E-08  2.65514E-05  9.64364E-06  9.37760E-05  1.73616E-07 -2.62974E-07  3.35603E-07  0.00000E+00  4.90868E-06 -1.54870E-05  0.00000E+00  7.13630E-05 -4.32821E-05  1.48402E-05  0.00000E+00  0.00000E+00  9.48019E-04  0.00000E+00  0.00000E+00  4.37663E-04 -1.77711E-04  0.00000E+00  0.00000E+00  0.00000E+00  0.00000E+00 -1.47795E-02
 OMEGA(4,1)    0.00000E+00  0.00000E+00  0.00000E+00  0.00000E+00  0.00000E+00  0.00000E+00  0.00000E+00  0.00000E+00  0.00000E+00  0.00000E+00  0.00000E+00  0.00000E+00  0.00000E+00  0.00000E+00  0.00000E+00  0.00000E+00  0.00000E+00  0.00000E+00  0.00000E+00  0.00000E+00  0.00000E+00  0.00000E+00  0.00000E+00  0.00000E+00  0.00000E+00  0.00000E+00  0.00000E+00  0.00000E+00  0.00000E+00  0.00000E+00  0.00000E+00
 OMEGA(4,2)    0.00000E+00  0.00000E+00  0.00000E+00  0.00000E+00  0.00000E+00  0.00000E+00  0.00000E+00  0.00000E+00  0.00000E+00  0.00000E+00  0.00000E+00  0.00000E+00  0.00000E+00  0.00000E+00  0.00000E+00  0.00000E+00  0.00000E+00  0.00000E+00  0.00000E+00  0.00000E+00  0.00000E+00  0.00000E+00  0.00000E+00  0.00000E+00  0.00000E+00  0.00000E+00  0.00000E+00  0.00000E+00  0.00000E+00  0.00000E+00  0.00000E+00
 OMEGA(4,3)    6.89512E-06 -4.32619E-05  4.95366E-05  5.09335E-05 -1.90370E-03 -5.18254E-08  1.61297E-05  4.29910E-06  2.96818E-05  1.09498E-07 -2.40406E-07  4.22381E-07  0.00000E+00  2.94621E-06  3.35283E-05  0.00000E+00  2.27292E-05 -2.55486E-05  9.95386E-06  0.00000E+00  0.00000E+00  4.37663E-04  0.00000E+00  0.00000E+00  3.41014E-04 -5.26518E-05  0.00000E+00  0.00000E+00  0.00000E+00  0.00000E+00 -8.26454E-03
 OMEGA(4,4)    1.48794E-05  8.78961E-05 -4.06012E-05 -3.58238E-05  1.10676E-03 -7.00616E-08 -1.70059E-05 -6.23010E-06 -2.32562E-05 -3.83637E-09  6.76637E-08 -8.93908E-07  0.00000E+00  1.97481E-06 -7.69709E-06  0.00000E+00 -2.00452E-05 -1.29146E-05  1.17839E-05  0.00000E+00  0.00000E+00 -1.77711E-04  0.00000E+00  0.00000E+00 -5.26518E-05  4.76750E-04  0.00000E+00  0.00000E+00  0.00000E+00  0.00000E+00  7.08937E-03
 OMEGA(5,1)    0.00000E+00  0.00000E+00  0.00000E+00  0.00000E+00  0.00000E+00  0.00000E+00  0.00000E+00  0.00000E+00  0.00000E+00  0.00000E+00  0.00000E+00  0.00000E+00  0.00000E+00  0.00000E+00  0.00000E+00  0.00000E+00  0.00000E+00  0.00000E+00  0.00000E+00  0.00000E+00  0.00000E+00  0.00000E+00  0.00000E+00  0.00000E+00  0.00000E+00  0.00000E+00  0.00000E+00  0.00000E+00  0.00000E+00  0.00000E+00  0.00000E+00
 OMEGA(5,2)    0.00000E+00  0.00000E+00  0.00000E+00  0.00000E+00  0.00000E+00  0.00000E+00  0.00000E+00  0.00000E+00  0.00000E+00  0.00000E+00  0.00000E+00  0.00000E+00  0.00000E+00  0.00000E+00  0.00000E+00  0.00000E+00  0.00000E+00  0.00000E+00  0.00000E+00  0.00000E+00  0.00000E+00  0.00000E+00  0.00000E+00  0.00000E+00  0.00000E+00  0.00000E+00  0.00000E+00  0.00000E+00  0.00000E+00  0.00000E+00  0.00000E+00
 OMEGA(5,3)    0.00000E+00  0.00000E+00  0.00000E+00  0.00000E+00  0.00000E+00  0.00000E+00  0.00000E+00  0.00000E+00  0.00000E+00  0.00000E+00  0.00000E+00  0.00000E+00  0.00000E+00  0.00000E+00  0.00000E+00  0.00000E+00  0.00000E+00  0.00000E+00  0.00000E+00  0.00000E+00  0.00000E+00  0.00000E+00  0.00000E+00  0.00000E+00  0.00000E+00  0.00000E+00  0.00000E+00  0.00000E+00  0.00000E+00  0.00000E+00  0.00000E+00
 OMEGA(5,4)    0.00000E+00  0.00000E+00  0.00000E+00  0.00000E+00  0.00000E+00  0.00000E+00  0.00000E+00  0.00000E+00  0.00000E+00  0.00000E+00  0.00000E+00  0.00000E+00  0.00000E+00  0.00000E+00  0.00000E+00  0.00000E+00  0.00000E+00  0.00000E+00  0.00000E+00  0.00000E+00  0.00000E+00  0.00000E+00  0.00000E+00  0.00000E+00  0.00000E+00  0.00000E+00  0.00000E+00  0.00000E+00  0.00000E+00  0.00000E+00  0.00000E+00
 OMEGA(5,5)    7.77200E-04  1.62617E-02 -4.13775E-03 -1.99862E-03  8.92337E-02  2.54704E-06 -9.61266E-04 -3.93631E-04 -1.12111E-03  5.43650E-06  7.80943E-06 -1.11625E-04  0.00000E+00 -1.33977E-06  1.42134E-04  0.00000E+00 -3.21848E-03  3.25425E-04 -3.20603E-04  0.00000E+00  0.00000E+00 -1.47795E-02  0.00000E+00  0.00000E+00 -8.26454E-03  7.08937E-03  0.00000E+00  0.00000E+00  0.00000E+00  0.00000E+00  1.49212E+00
TABLE NO.     2: Objective Function Evaluation by Importance Sampling (No Prior): Problem=1 Subproblem=0 Superproblem1=0 Iteration1=0 Superproblem2=0 Iteration2=0
 NAME         THETA1       THETA2       THETA3       THETA4       THETA5       THETA6       THETA7       THETA8       THETA9       THETA10      THETA11      THETA12      THETA13      THETA14      THETA15      SIGMA(1,1)   OMEGA(1,1)   OMEGA(2,1)   OMEGA(2,2)   OMEGA(3,1)   OMEGA(3,2)   OMEGA(3,3)   OMEGA(4,1)   OMEGA(4,2)   OMEGA(4,3)   OMEGA(4,4)   OMEGA(5,1)   OMEGA(5,2)   OMEGA(5,3)   OMEGA(5,4)   OMEGA(5,5)
 THETA1        3.98691E-05  5.09974E-05  3.63908E-05 -1.73188E-05 -7.10055E-04 -1.19954E-08 -1.46718E-05 -5.75279E-05  3.79400E-05 -8.38446E-08 -2.75318E-08 -6.17207E-06  0.00000E+00  2.47910E-05 -1.09723E-04  0.00000E+00  4.41291E-06 -1.53071E-05 -1.69482E-06  0.00000E+00  0.00000E+00  1.43737E-05  0.00000E+00  0.00000E+00  6.01726E-06 -1.00615E-06  0.00000E+00  0.00000E+00  0.00000E+00  0.00000E+00 -8.57282E-04
 THETA2        5.09974E-05  9.97791E-04 -6.34330E-05  2.42234E-05 -2.64983E-04  1.94169E-07  2.56446E-05  8.44272E-05  1.35942E-04 -4.38147E-07 -4.58078E-06  5.53113E-06  0.00000E+00 -6.40826E-05  1.34745E-04  0.00000E+00 -2.74188E-05  4.51714E-05 -2.34458E-06  0.00000E+00  0.00000E+00  2.62424E-04  0.00000E+00  0.00000E+00  2.52056E-04  3.11793E-04  0.00000E+00  0.00000E+00  0.00000E+00  0.00000E+00 -1.76690E-02
 THETA3        3.63908E-05 -6.34330E-05  5.29418E-05 -2.30140E-05 -8.29928E-04 -3.94848E-08 -2.10905E-05 -7.87058E-05  2.80600E-05 -5.34243E-08  8.00542E-07 -8.01305E-06  0.00000E+00  3.94828E-05 -1.50497E-04  0.00000E+00  1.12281E-05 -2.29799E-05 -3.16491E-06  0.00000E+00  0.00000E+00 -1.72348E-05  0.00000E+00  0.00000E+00 -2.02263E-05 -3.53262E-05  0.00000E+00  0.00000E+00  0.00000E+00  0.00000E+00  1.64911E-03
 THETA4       -1.73188E-05  2.42234E-05 -2.30140E-05  1.89778E-05  3.64392E-04  1.98271E-08  9.00448E-06  3.39883E-05 -1.26730E-05  1.76969E-08 -5.95798E-07  3.51891E-06  0.00000E+00 -1.69908E-05  6.64724E-05  0.00000E+00 -5.46156E-06  9.86307E-06  1.32734E-06  0.00000E+00  0.00000E+00 -4.70583E-06  0.00000E+00  0.00000E+00 -4.34382E-06  9.09894E-06  0.00000E+00  0.00000E+00  0.00000E+00  0.00000E+00 -5.15435E-04
 THETA5       -7.10055E-04 -2.64983E-04 -8.29928E-04  3.64392E-04  1.51122E-02  4.48510E-07  3.25015E-04  1.25853E-03 -6.75900E-04  1.53228E-06  6.63515E-06  1.32713E-04  0.00000E+00 -6.00789E-04  2.46382E-03  0.00000E+00 -1.63707E-04  3.34211E-04  5.39562E-05  0.00000E+00  0.00000E+00 -4.85603E-05  0.00000E+00  0.00000E+00  4.86910E-06  2.01135E-04  0.00000E+00  0.00000E+00  0.00000E+00  0.00000E+00  1.14428E-02
 THETA6       -1.19954E-08  1.94169E-07 -3.94848E-08  1.98271E-08  4.48510E-07  1.05955E-10  1.49294E-08  5.73154E-08  6.24302E-09 -1.82558E-11  1.61596E-09  5.53709E-09  0.00000E+00 -3.35087E-08  1.05382E-07  0.00000E+00 -5.84220E-09  1.66714E-08  1.68993E-09  0.00000E+00  0.00000E+00  4.98659E-08  0.00000E+00  0.00000E+00  4.45277E-08  6.72608E-08  0.00000E+00  0.00000E+00  0.00000E+00  0.00000E+00 -1.51768E-06
 THETA7       -1.46718E-05  2.56446E-05 -2.10905E-05  9.00448E-06  3.25015E-04  1.49294E-08  8.79785E-06  3.12272E-05 -1.10659E-05  2.00972E-08 -6.16180E-07  3.16523E-06  0.00000E+00 -1.54398E-05  5.94402E-05  0.00000E+00 -4.64644E-06  9.13197E-06  1.28110E-06  0.00000E+00  0.00000E+00  6.50645E-06  0.00000E+00  0.00000E+00  8.79556E-06  1.41603E-05  0.00000E+00  0.00000E+00  0.00000E+00  0.00000E+00 -9.20083E-04
 THETA8       -5.75279E-05  8.44272E-05 -7.87058E-05  3.39883E-05  1.25853E-03  5.73154E-08  3.12272E-05  1.19338E-04 -4.45325E-05  8.32341E-08 -3.27659E-07  1.21526E-05  0.00000E+00 -5.87432E-05  2.25282E-04  0.00000E+00 -1.35091E-05  3.37931E-05  3.70415E-06  0.00000E+00  0.00000E+00  2.15118E-05  0.00000E+00  0.00000E+00  2.98705E-05  5.37592E-05  0.00000E+00  0.00000E+00  0.00000E+00  0.00000E+00 -1.51975E-03
 THETA9        3.79400E-05  1.35942E-04  2.80600E-05 -1.26730E-05 -6.75900E-04  6.24302E-09 -1.10659E-05 -4.45325E-05  4.69889E-05 -1.20369E-07 -7.46016E-07 -5.09266E-06  0.00000E+00  1.78951E-05 -8.84132E-05  0.00000E+00  2.28016E-06 -8.58913E-06 -2.42125E-06  0.00000E+00  0.00000E+00  3.36608E-05  0.00000E+00  0.00000E+00  2.87794E-05  2.73477E-05  0.00000E+00  0.00000E+00  0.00000E+00  0.00000E+00 -2.34375E-03
 THETA10      -8.38446E-08 -4.38147E-07 -5.34243E-08  1.76969E-08  1.53228E-06 -1.82558E-11  2.00972E-08  8.32341E-08 -1.20369E-07  3.84072E-10  1.77234E-09  1.02071E-08  0.00000E+00 -3.21589E-08  1.76973E-07  0.00000E+00 -1.34632E-08  1.34137E-08  6.15486E-09  0.00000E+00  0.00000E+00 -8.91009E-08  0.00000E+00  0.00000E+00 -9.44177E-08 -7.60908E-08  0.00000E+00  0.00000E+00  0.00000E+00  0.00000E+00  6.30372E-06
 THETA11      -2.75318E-08 -4.58078E-06  8.00542E-07 -5.95798E-07  6.63515E-06  1.61596E-09 -6.16180E-07 -3.27659E-07 -7.46016E-07  1.77234E-09  1.99705E-06 -1.64602E-08  0.00000E+00  1.68199E-07 -1.76036E-06  0.00000E+00  2.63030E-06 -1.44650E-06  1.65157E-07  0.00000E+00  0.00000E+00  2.49101E-06  0.00000E+00  0.00000E+00  2.78224E-06  3.66972E-06  0.00000E+00  0.00000E+00  0.00000E+00  0.00000E+00  1.50736E-03
 THETA12      -6.17207E-06  5.53113E-06 -8.01305E-06  3.51891E-06  1.32713E-04  5.53709E-09  3.16523E-06  1.21526E-05 -5.09266E-06  1.02071E-08 -1.64602E-08  1.25150E-06  0.00000E+00 -5.93130E-06  2.31295E-05  0.00000E+00 -1.43546E-06  3.39112E-06  4.19591E-07  0.00000E+00  0.00000E+00  1.45248E-06  0.00000E+00  0.00000E+00  2.39584E-06  4.68059E-06  0.00000E+00  0.00000E+00  0.00000E+00  0.00000E+00 -9.43333E-05
 THETA13       0.00000E+00  0.00000E+00  0.00000E+00  0.00000E+00  0.00000E+00  0.00000E+00  0.00000E+00  0.00000E+00  0.00000E+00  0.00000E+00  0.00000E+00  0.00000E+00  0.00000E+00  0.00000E+00  0.00000E+00  0.00000E+00  0.00000E+00  0.00000E+00  0.00000E+00  0.00000E+00  0.00000E+00  0.00000E+00  0.00000E+00  0.00000E+00  0.00000E+00  0.00000E+00  0.00000E+00  0.00000E+00  0.00000E+00  0.00000E+00  0.00000E+00
 THETA14       2.47910E-05 -6.40826E-05  3.94828E-05 -1.69908E-05 -6.00789E-04 -3.35087E-08 -1.54398E-05 -5.87432E-05  1.78951E-05 -3.21589E-08  1.68199E-07 -5.93130E-06  0.00000E+00  3.02800E-05 -1.11636E-04  0.00000E+00  8.71163E-06 -1.68492E-05 -2.26175E-06  0.00000E+00  0.00000E+00 -1.74954E-05  0.00000E+00  0.00000E+00 -2.04376E-05 -3.38389E-05  0.00000E+00  0.00000E+00  0.00000E+00  0.00000E+00  1.11870E-03
 THETA15      -1.09723E-04  1.34745E-04 -1.50497E-04  6.64724E-05  2.46382E-03  1.05382E-07  5.94402E-05  2.25282E-04 -8.84132E-05  1.76973E-07 -1.76036E-06  2.31295E-05  0.00000E+00 -1.11636E-04  4.36953E-04  0.00000E+00 -3.55877E-05  6.58041E-05  8.73864E-06  0.00000E+00  0.00000E+00  4.04000E-05  0.00000E+00  0.00000E+00  4.28358E-05  8.78920E-05  0.00000E+00  0.00000E+00  0.00000E+00  0.00000E+00 -3.10629E-03
 SIGMA(1,1)    0.00000E+00  0.00000E+00  0.00000E+00  0.00000E+00  0.00000E+00  0.00000E+00  0.00000E+00  0.00000E+00  0.00000E+00  0.00000E+00  0.00000E+00  0.00000E+00  0.00000E+00  0.00000E+00  0.00000E+00  0.00000E+00  0.00000E+00  0.00000E+00  0.00000E+00  0.00000E+00  0.00000E+00  0.00000E+00  0.00000E+00  0.00000E+00  0.00000E+00  0.00000E+00  0.00000E+00  0.00000E+00  0.00000E+00  0.00000E+00  0.00000E+00
 OMEGA(1,1)    4.41291E-06 -2.74188E-05  1.12281E-05 -5.46156E-06 -1.63707E-04 -5.84220E-09 -4.64644E-06 -1.35091E-05  2.28016E-06 -1.34632E-08  2.63030E-06 -1.43546E-06  0.00000E+00  8.71163E-06 -3.55877E-05  0.00000E+00  5.10891E-05 -7.30453E-06 -4.52026E-06  0.00000E+00  0.00000E+00 -5.69823E-05  0.00000E+00  0.00000E+00 -2.04862E-05 -4.10542E-05  0.00000E+00  0.00000E+00  0.00000E+00  0.00000E+00  1.77318E-03
 OMEGA(2,1)   -1.53071E-05  4.51714E-05 -2.29799E-05  9.86307E-06  3.34211E-04  1.66714E-08  9.13197E-06  3.37931E-05 -8.58913E-06  1.34137E-08 -1.44650E-06  3.39112E-06  0.00000E+00 -1.68492E-05  6.58041E-05  0.00000E+00 -7.30453E-06  1.41988E-05  1.41019E-06  0.00000E+00  0.00000E+00  1.34370E-05  0.00000E+00  0.00000E+00  8.83611E-06  1.78606E-05  0.00000E+00  0.00000E+00  0.00000E+00  0.00000E+00 -1.72984E-03
 OMEGA(2,2)   -1.69482E-06 -2.34458E-06 -3.16491E-06  1.32734E-06  5.39562E-05  1.68993E-09  1.28110E-06  3.70415E-06 -2.42125E-06  6.15486E-09  1.65157E-07  4.19591E-07  0.00000E+00 -2.26175E-06  8.73864E-06  0.00000E+00 -4.52026E-06  1.41019E-06  3.19183E-06  0.00000E+00  0.00000E+00  2.06024E-07  0.00000E+00  0.00000E+00  1.71323E-06  6.48186E-07  0.00000E+00  0.00000E+00  0.00000E+00  0.00000E+00 -1.76271E-04
 OMEGA(3,1)    0.00000E+00  0.00000E+00  0.00000E+00  0.00000E+00  0.00000E+00  0.00000E+00  0.00000E+00  0.00000E+00  0.00000E+00  0.00000E+00  0.00000E+00  0.00000E+00  0.00000E+00  0.00000E+00  0.00000E+00  0.00000E+00  0.00000E+00  0.00000E+00  0.00000E+00  0.00000E+00  0.00000E+00  0.00000E+00  0.00000E+00  0.00000E+00  0.00000E+00  0.00000E+00  0.00000E+00  0.00000E+00  0.00000E+00  0.00000E+00  0.00000E+00
 OMEGA(3,2)    0.00000E+00  0.00000E+00  0.00000E+00  0.00000E+00  0.00000E+00  0.00000E+00  0.00000E+00  0.00000E+00  0.00000E+00  0.00000E+00  0.00000E+00  0.00000E+00  0.00000E+00  0.00000E+00  0.00000E+00  0.00000E+00  0.00000E+00  0.00000E+00  0.00000E+00  0.00000E+00  0.00000E+00  0.00000E+00  0.00000E+00  0.00000E+00  0.00000E+00  0.00000E+00  0.00000E+00  0.00000E+00  0.00000E+00  0.00000E+00  0.00000E+00
 OMEGA(3,3)    1.43737E-05  2.62424E-04 -1.72348E-05 -4.70583E-06 -4.85603E-05  4.98659E-08  6.50645E-06  2.15118E-05  3.36608E-05 -8.91009E-08  2.49101E-06  1.45248E-06  0.00000E+00 -1.74954E-05  4.04000E-05  0.00000E+00 -5.69823E-05  1.34370E-05  2.06024E-07  0.00000E+00  0.00000E+00  2.76208E-04  0.00000E+00  0.00000E+00  1.58257E-04  1.56336E-04  0.00000E+00  0.00000E+00  0.00000E+00  0.00000E+00 -4.96087E-03
 OMEGA(4,1)    0.00000E+00  0.00000E+00  0.00000E+00  0.00000E+00  0.00000E+00  0.00000E+00  0.00000E+00  0.00000E+00  0.00000E+00  0.00000E+00  0.00000E+00  0.00000E+00  0.00000E+00  0.00000E+00  0.00000E+00  0.00000E+00  0.00000E+00  0.00000E+00  0.00000E+00  0.00000E+00  0.00000E+00  0.00000E+00  0.00000E+00  0.00000E+00  0.00000E+00  0.00000E+00  0.00000E+00  0.00000E+00  0.00000E+00  0.00000E+00  0.00000E+00
 OMEGA(4,2)    0.00000E+00  0.00000E+00  0.00000E+00  0.00000E+00  0.00000E+00  0.00000E+00  0.00000E+00  0.00000E+00  0.00000E+00  0.00000E+00  0.00000E+00  0.00000E+00  0.00000E+00  0.00000E+00  0.00000E+00  0.00000E+00  0.00000E+00  0.00000E+00  0.00000E+00  0.00000E+00  0.00000E+00  0.00000E+00  0.00000E+00  0.00000E+00  0.00000E+00  0.00000E+00  0.00000E+00  0.00000E+00  0.00000E+00  0.00000E+00  0.00000E+00
 OMEGA(4,3)    6.01726E-06  2.52056E-04 -2.02263E-05 -4.34382E-06  4.86910E-06  4.45277E-08  8.79556E-06  2.98705E-05  2.87794E-05 -9.44177E-08  2.78224E-06  2.39584E-06  0.00000E+00 -2.04376E-05  4.28358E-05  0.00000E+00 -2.04862E-05  8.83611E-06  1.71323E-06  0.00000E+00  0.00000E+00  1.58257E-04  0.00000E+00  0.00000E+00  2.08018E-04  1.89448E-04  0.00000E+00  0.00000E+00  0.00000E+00  0.00000E+00 -4.29781E-03
 OMEGA(4,4)   -1.00615E-06  3.11793E-04 -3.53262E-05  9.09894E-06  2.01135E-04  6.72608E-08  1.41603E-05  5.37592E-05  2.73477E-05 -7.60908E-08  3.66972E-06  4.68059E-06  0.00000E+00 -3.38389E-05  8.78920E-05  0.00000E+00 -4.10542E-05  1.78606E-05  6.48186E-07  0.00000E+00  0.00000E+00  1.56336E-04  0.00000E+00  0.00000E+00  1.89448E-04  2.72179E-04  0.00000E+00  0.00000E+00  0.00000E+00  0.00000E+00 -4.93912E-03
 OMEGA(5,1)    0.00000E+00  0.00000E+00  0.00000E+00  0.00000E+00  0.00000E+00  0.00000E+00  0.00000E+00  0.00000E+00  0.00000E+00  0.00000E+00  0.00000E+00  0.00000E+00  0.00000E+00  0.00000E+00  0.00000E+00  0.00000E+00  0.00000E+00  0.00000E+00  0.00000E+00  0.00000E+00  0.00000E+00  0.00000E+00  0.00000E+00  0.00000E+00  0.00000E+00  0.00000E+00  0.00000E+00  0.00000E+00  0.00000E+00  0.00000E+00  0.00000E+00
 OMEGA(5,2)    0.00000E+00  0.00000E+00  0.00000E+00  0.00000E+00  0.00000E+00  0.00000E+00  0.00000E+00  0.00000E+00  0.00000E+00  0.00000E+00  0.00000E+00  0.00000E+00  0.00000E+00  0.00000E+00  0.00000E+00  0.00000E+00  0.00000E+00  0.00000E+00  0.00000E+00  0.00000E+00  0.00000E+00  0.00000E+00  0.00000E+00  0.00000E+00  0.00000E+00  0.00000E+00  0.00000E+00  0.00000E+00  0.00000E+00  0.00000E+00  0.00000E+00
 OMEGA(5,3)    0.00000E+00  0.00000E+00  0.00000E+00  0.00000E+00  0.00000E+00  0.00000E+00  0.00000E+00  0.00000E+00  0.00000E+00  0.00000E+00  0.00000E+00  0.00000E+00  0.00000E+00  0.00000E+00  0.00000E+00  0.00000E+00  0.00000E+00  0.00000E+00  0.00000E+00  0.00000E+00  0.00000E+00  0.00000E+00  0.00000E+00  0.00000E+00  0.00000E+00  0.00000E+00  0.00000E+00  0.00000E+00  0.00000E+00  0.00000E+00  0.00000E+00
 OMEGA(5,4)    0.00000E+00  0.00000E+00  0.00000E+00  0.00000E+00  0.00000E+00  0.00000E+00  0.00000E+00  0.00000E+00  0.00000E+00  0.00000E+00  0.00000E+00  0.00000E+00  0.00000E+00  0.00000E+00  0.00000E+00  0.00000E+00  0.00000E+00  0.00000E+00  0.00000E+00  0.00000E+00  0.00000E+00  0.00000E+00  0.00000E+00  0.00000E+00  0.00000E+00  0.00000E+00  0.00000E+00  0.00000E+00  0.00000E+00  0.00000E+00  0.00000E+00
 OMEGA(5,5)   -8.57282E-04 -1.76690E-02  1.64911E-03 -5.15435E-04  1.14428E-02 -1.51768E-06 -9.20083E-04 -1.51975E-03 -2.34375E-03  6.30372E-06  1.50736E-03 -9.43333E-05  0.00000E+00  1.11870E-03 -3.10629E-03  0.00000E+00  1.77318E-03 -1.72984E-03 -1.76271E-04  0.00000E+00  0.00000E+00 -4.96087E-03  0.00000E+00  0.00000E+00 -4.29781E-03 -4.93912E-03  0.00000E+00  0.00000E+00  0.00000E+00  0.00000E+00  1.70528E+00
